14 0.496637 0.498457 0.834081 0.852881
7 0.297646 0.640947 0.093049 0.090535
7 0.497758 0.547840 0.103139 0.085391
7 0.494395 0.361626 0.091928 0.085391
6 0.089126 0.457305 0.090807 0.089506
6 0.293722 0.454733 0.103139 0.094650
6 0.897422 0.361626 0.090807 0.089506
0 0.803812 0.550412 0.094170 0.090535
1 0.193386 0.826132 0.097534 0.096708
2 0.700673 0.087449 0.098655 0.086420
3 0.498879 0.175926 0.087444 0.080247
5 0.597534 0.083848 0.098655 0.087449
4 0.397422 0.175926 0.090807 0.084362
9 0.597534 0.175412 0.094170 0.087449
10 0.296525 0.826132 0.093049 0.082305
11 0.295404 0.919239 0.093049 0.087449
12 0.397422 0.919239 0.090807 0.085391
12 0.596973 0.919239 0.099776 0.089506
8 0.497758 0.271091 0.089686 0.083333
13 0.497197 0.918724 0.086323 0.088477
