14 0.496637 0.498457 0.834081 0.852881
7 0.089126 0.640947 0.090807 0.084362
7 0.295404 0.641461 0.093049 0.085391
7 0.494395 0.640947 0.091928 0.088477
7 0.699552 0.550412 0.091928 0.088477
7 0.901906 0.640947 0.099776 0.088477
6 0.090247 0.457305 0.097534 0.089506
6 0.296525 0.457305 0.097534 0.087449
6 0.494395 0.362140 0.091928 0.090535
6 0.699552 0.361626 0.098655 0.087449
6 0.897422 0.364198 0.090807 0.088477
0 0.090247 0.086420 0.093049 0.090535
0 0.905830 0.082305 0.098655 0.090535
1 0.699552 0.271091 0.098655 0.087449
1 0.193386 0.451132 0.093049 0.089506
2 0.288117 0.086420 0.091928 0.090535
2 0.700673 0.084877 0.094170 0.087449
3 0.397422 0.081276 0.088565 0.082305
3 0.594731 0.082305 0.088565 0.082305
5 0.194507 0.276235 0.108744 0.099794
5 0.803812 0.268519 0.098655 0.090535
4 0.493274 0.082305 0.089686 0.084362
9 0.089126 0.919239 0.090807 0.087449
9 0.801570 0.919239 0.100897 0.093621
10 0.099776 0.736626 0.105381 0.088477
10 0.701794 0.735597 0.096413 0.084362
11 0.298767 0.919239 0.086323 0.093621
11 0.701794 0.919239 0.087444 0.087449
12 0.597534 0.921811 0.094170 0.086420
12 0.397422 0.919239 0.086323 0.085391
8 0.295404 0.731481 0.093049 0.090535
8 0.500561 0.734053 0.097534 0.081276
13 0.501121 0.920782 0.089686 0.086420
