14 0.496637 0.498457 0.834081 0.852881
7 0.096413 0.643519 0.091928 0.089506
7 0.296525 0.639918 0.088565 0.084362
7 0.494395 0.639918 0.091928 0.092593
7 0.699552 0.549383 0.091928 0.090535
7 0.901906 0.637346 0.093049 0.089506
6 0.094731 0.454733 0.088565 0.090535
6 0.295404 0.451132 0.099776 0.087449
6 0.495516 0.358025 0.094170 0.090535
6 0.690583 0.365741 0.103139 0.089506
6 0.898543 0.364198 0.099776 0.092593
0 0.082399 0.360597 0.104260 0.093621
0 0.802691 0.084877 0.094170 0.083333
1 0.190583 0.454733 0.087444 0.090535
1 0.700673 0.268519 0.098655 0.086420
2 0.492152 0.269033 0.087444 0.085391
2 0.699552 0.084877 0.085202 0.089506
3 0.391256 0.084877 0.091928 0.085391
3 0.599776 0.080247 0.087444 0.080247
5 0.197870 0.272634 0.102018 0.092593
5 0.801009 0.272634 0.102018 0.092593
4 0.497758 0.082305 0.087444 0.080247
9 0.397422 0.828704 0.099776 0.085391
9 0.802691 0.914095 0.091928 0.085391
10 0.700673 0.735597 0.096413 0.086420
10 0.090807 0.733025 0.098655 0.083333
11 0.295404 0.920782 0.090807 0.090535
11 0.702915 0.916667 0.082960 0.086420
12 0.392937 0.917695 0.088565 0.084362
12 0.600336 0.921811 0.088565 0.092593
8 0.496076 0.733025 0.090807 0.081276
8 0.297085 0.733025 0.087444 0.077160
13 0.500561 0.918724 0.093049 0.088477
