14 0.496637 0.498457 0.834081 0.852881
7 0.089126 0.640947 0.099776 0.088477
7 0.295404 0.640947 0.093049 0.088477
7 0.496637 0.640947 0.100897 0.086420
7 0.699552 0.552984 0.091928 0.099794
7 0.897422 0.640947 0.090807 0.088477
6 0.093610 0.454733 0.090807 0.090535
6 0.296525 0.454733 0.093049 0.088477
6 0.494395 0.363169 0.098655 0.088477
6 0.699552 0.363169 0.096413 0.088477
6 0.899664 0.360597 0.097534 0.087449
0 0.090247 0.363169 0.093049 0.088477
0 0.801570 0.082305 0.089686 0.088477
1 0.193386 0.456276 0.097534 0.087449
1 0.699552 0.268519 0.098655 0.090535
2 0.497758 0.270062 0.100897 0.085391
2 0.690583 0.088992 0.087444 0.091564
3 0.397422 0.082305 0.093049 0.086420
3 0.600897 0.084877 0.091928 0.083333
5 0.193386 0.268519 0.093049 0.086420
5 0.802691 0.272634 0.096413 0.088477
4 0.492152 0.081276 0.087444 0.082305
9 0.391816 0.270062 0.102018 0.093621
9 0.801570 0.919239 0.089686 0.085391
10 0.696188 0.736626 0.089686 0.084362
10 0.094731 0.736626 0.102018 0.088477
11 0.296525 0.919239 0.095291 0.087449
11 0.701794 0.916667 0.089686 0.088477
12 0.596973 0.919239 0.088565 0.087449
12 0.394058 0.916667 0.093049 0.090535
8 0.295404 0.734053 0.093049 0.083333
8 0.500561 0.734053 0.093049 0.083333
13 0.501121 0.920267 0.089686 0.083333
