14 0.496637 0.498457 0.834081 0.852881
7 0.089126 0.637346 0.090807 0.085391
7 0.297646 0.639918 0.097534 0.088477
7 0.494395 0.639918 0.098655 0.088477
7 0.700673 0.550412 0.098655 0.094650
7 0.898543 0.639918 0.099776 0.092593
6 0.093610 0.454733 0.086323 0.088477
6 0.296525 0.451132 0.095291 0.089506
6 0.494395 0.362140 0.098655 0.084362
6 0.699552 0.361626 0.094170 0.089506
6 0.904709 0.365741 0.091928 0.093621
0 0.096413 0.361626 0.103139 0.079218
0 0.806054 0.084877 0.087444 0.087449
1 0.192265 0.456276 0.090807 0.087449
1 0.701794 0.271091 0.094170 0.085391
2 0.495516 0.270062 0.094170 0.087449
2 0.697870 0.086420 0.088565 0.088477
3 0.392377 0.082305 0.094170 0.088477
3 0.594731 0.083848 0.088565 0.081276
5 0.294283 0.271605 0.099776 0.090535
5 0.804933 0.271091 0.096413 0.087449
4 0.493834 0.082305 0.090807 0.084362
9 0.391816 0.268519 0.093049 0.086420
9 0.801570 0.361626 0.100897 0.091564
10 0.700673 0.733025 0.091928 0.089506
10 0.090247 0.733025 0.097534 0.083333
11 0.296525 0.916667 0.095291 0.082305
11 0.699552 0.916667 0.091928 0.082305
12 0.596413 0.915123 0.085202 0.079218
12 0.398543 0.916667 0.093049 0.076132
8 0.295404 0.734053 0.093049 0.083333
8 0.497197 0.734568 0.093049 0.084362
13 0.499439 0.918724 0.095291 0.082305
