14 0.496637 0.498457 0.834081 0.852881
7 0.090247 0.640947 0.097534 0.088477
7 0.296525 0.642490 0.093049 0.091564
7 0.497758 0.640947 0.091928 0.088477
7 0.699552 0.644033 0.091928 0.090535
7 0.898543 0.637346 0.093049 0.089506
6 0.082399 0.361626 0.088565 0.089506
6 0.296525 0.361626 0.097534 0.093621
6 0.500561 0.361626 0.099776 0.085391
6 0.699552 0.363169 0.094170 0.088477
6 0.891816 0.361626 0.088565 0.093621
0 0.091368 0.082305 0.088565 0.084362
0 0.904709 0.083848 0.089686 0.089506
1 0.195628 0.083848 0.090807 0.089506
1 0.699552 0.265947 0.094170 0.097737
2 0.294283 0.086420 0.086323 0.092593
2 0.699552 0.084877 0.087444 0.089506
3 0.390135 0.082305 0.089686 0.084362
3 0.594731 0.081276 0.088565 0.082305
5 0.191704 0.271091 0.105381 0.097737
5 0.802691 0.268519 0.091928 0.086420
4 0.493274 0.082305 0.089686 0.082305
9 0.089126 0.920782 0.090807 0.084362
9 0.898543 0.919239 0.099776 0.087449
10 0.192825 0.914095 0.091928 0.087449
10 0.797085 0.916667 0.091928 0.082305
11 0.295404 0.916667 0.090807 0.088477
11 0.699552 0.919239 0.091928 0.087449
12 0.394058 0.919239 0.088565 0.077160
12 0.604821 0.917695 0.088565 0.084362
8 0.500561 0.733025 0.093049 0.077160
8 0.197309 0.734053 0.094170 0.083333
13 0.500561 0.918724 0.090807 0.086420
