14 0.496637 0.498457 0.834081 0.852881
7 0.090247 0.640947 0.093049 0.088477
7 0.295404 0.642490 0.097534 0.087449
7 0.494395 0.640947 0.091928 0.088477
7 0.690583 0.547840 0.103139 0.089506
7 0.904709 0.639918 0.091928 0.092593
6 0.089126 0.456276 0.090807 0.097737
6 0.296525 0.456276 0.097534 0.095679
6 0.494395 0.358025 0.091928 0.092593
6 0.700673 0.358025 0.094170 0.090535
6 0.898543 0.358025 0.099776 0.090535
0 0.103700 0.364198 0.106502 0.094650
1 0.190583 0.454733 0.087444 0.088477
1 0.801570 0.083848 0.089686 0.089506
2 0.494395 0.264918 0.091928 0.087449
2 0.701794 0.087449 0.091928 0.092593
3 0.398543 0.084877 0.093049 0.085391
3 0.597534 0.083848 0.094170 0.087449
5 0.294283 0.270062 0.095291 0.087449
5 0.900785 0.269033 0.093049 0.085391
4 0.498879 0.082305 0.089686 0.082305
9 0.398543 0.547840 0.095291 0.087449
10 0.096413 0.733025 0.091928 0.081276
10 0.701794 0.733025 0.098655 0.095679
11 0.296525 0.919239 0.097534 0.087449
11 0.698991 0.920782 0.090807 0.084362
12 0.395740 0.917695 0.087444 0.084362
12 0.596973 0.919239 0.090807 0.087449
8 0.498318 0.736626 0.088565 0.078189
8 0.296525 0.734568 0.097534 0.084362
13 0.498879 0.919239 0.089686 0.087449
