14 0.496637 0.498457 0.834081 0.852881
7 0.298767 0.645062 0.104260 0.086420
7 0.500561 0.640947 0.097534 0.086420
7 0.701794 0.547840 0.094170 0.085391
7 0.898543 0.641461 0.099776 0.089506
6 0.096413 0.455247 0.094170 0.089506
6 0.294283 0.454733 0.102018 0.092593
6 0.500561 0.358025 0.097534 0.090535
6 0.687780 0.360597 0.088565 0.083333
6 0.897422 0.362140 0.090807 0.090535
0 0.092489 0.360597 0.090807 0.079218
1 0.097534 0.640947 0.105381 0.078189
1 0.707960 0.268519 0.097534 0.090535
2 0.493274 0.270062 0.089686 0.083333
2 0.699552 0.084877 0.085202 0.091564
3 0.397422 0.082305 0.090807 0.084362
3 0.594731 0.082305 0.088565 0.082305
5 0.297646 0.273663 0.099776 0.092593
5 0.898543 0.268519 0.093049 0.086420
4 0.498879 0.082305 0.087444 0.088477
9 0.389574 0.546811 0.088565 0.081276
10 0.699552 0.730453 0.091928 0.084362
10 0.096413 0.733025 0.096413 0.085391
11 0.298206 0.916667 0.098655 0.088477
11 0.702915 0.919239 0.089686 0.085391
12 0.596413 0.919239 0.089686 0.087449
12 0.392937 0.916667 0.093049 0.086420
8 0.294283 0.824588 0.097534 0.081276
8 0.498318 0.735597 0.093049 0.088477
13 0.498318 0.919753 0.088565 0.088477
