14 0.496637 0.498457 0.834081 0.852881
7 0.296525 0.639918 0.093049 0.086420
7 0.498879 0.642490 0.100897 0.087449
7 0.699552 0.546811 0.091928 0.087449
6 0.087444 0.454733 0.103139 0.090535
6 0.295404 0.451132 0.095291 0.087449
6 0.493274 0.358025 0.089686 0.090535
6 0.684417 0.363169 0.102018 0.088477
6 0.904709 0.364198 0.094170 0.088477
0 0.089126 0.358025 0.090807 0.080247
1 0.082399 0.637346 0.088565 0.087449
1 0.700673 0.268519 0.096413 0.090535
2 0.493274 0.267490 0.089686 0.082305
2 0.699552 0.084877 0.091928 0.089506
3 0.390135 0.084877 0.100897 0.091564
3 0.596413 0.081276 0.085202 0.076132
5 0.296525 0.268519 0.093049 0.088477
5 0.904709 0.640947 0.105381 0.096708
4 0.491031 0.082305 0.087444 0.088477
9 0.398543 0.549383 0.095291 0.084362
10 0.596413 0.547840 0.091928 0.087449
10 0.090807 0.733025 0.098655 0.093621
11 0.295404 0.921811 0.093049 0.088477
11 0.704036 0.920782 0.089686 0.084362
12 0.597534 0.919239 0.091928 0.087449
12 0.398543 0.921811 0.088565 0.082305
8 0.297646 0.826132 0.084081 0.082305
8 0.498318 0.735082 0.090807 0.091564
13 0.498879 0.918210 0.087444 0.083333
