14 0.496637 0.498457 0.834081 0.852881
7 0.294283 0.640947 0.102018 0.086420
7 0.494395 0.640947 0.091928 0.088477
7 0.700673 0.547840 0.094170 0.087449
6 0.096413 0.458848 0.094170 0.094650
6 0.295404 0.457305 0.099776 0.093621
6 0.493274 0.365741 0.089686 0.093621
6 0.693386 0.362140 0.093049 0.090535
6 0.898543 0.361626 0.093049 0.093621
0 0.097534 0.364712 0.105381 0.085391
1 0.089126 0.642490 0.090807 0.087449
1 0.691143 0.268519 0.088565 0.084362
2 0.494395 0.270062 0.098655 0.087449
2 0.695067 0.084877 0.089686 0.091564
3 0.493274 0.175412 0.089686 0.083333
3 0.597534 0.084877 0.094170 0.087449
5 0.187780 0.272634 0.102018 0.092593
5 0.904709 0.643519 0.100897 0.091564
4 0.493274 0.083848 0.089686 0.083333
9 0.398543 0.177984 0.088565 0.092593
10 0.397422 0.457305 0.097534 0.093621
10 0.096413 0.736626 0.100897 0.100823
11 0.295404 0.916667 0.084081 0.078189
11 0.700673 0.919239 0.098655 0.085391
12 0.397422 0.919239 0.090807 0.087449
12 0.600897 0.920782 0.091928 0.090535
8 0.298206 0.825617 0.094170 0.085391
8 0.500561 0.737140 0.099776 0.095679
13 0.501121 0.920782 0.094170 0.094650
