14 0.496637 0.498457 0.834081 0.852881
7 0.296525 0.639918 0.097534 0.088477
7 0.494395 0.643519 0.098655 0.095679
7 0.699552 0.547840 0.091928 0.085391
6 0.090247 0.455247 0.093049 0.089506
6 0.297646 0.456276 0.099776 0.093621
6 0.497758 0.364198 0.091928 0.088477
6 0.700673 0.361626 0.098655 0.091564
6 0.898543 0.364198 0.099776 0.088477
0 0.090247 0.358025 0.093049 0.084362
1 0.087444 0.641461 0.103139 0.085391
1 0.701794 0.271091 0.098655 0.087449
2 0.500561 0.265947 0.088565 0.087449
2 0.700673 0.086420 0.094170 0.088477
3 0.494395 0.174383 0.091928 0.087449
3 0.597534 0.082305 0.094170 0.086420
5 0.397422 0.268519 0.090807 0.084362
5 0.603700 0.641461 0.097534 0.089506
4 0.497758 0.083848 0.091928 0.083333
9 0.196749 0.177984 0.088565 0.084362
10 0.089686 0.733025 0.098655 0.089506
10 0.596413 0.361626 0.100897 0.089506
11 0.294283 0.919239 0.088565 0.083333
11 0.697870 0.919239 0.088565 0.085391
12 0.394058 0.919239 0.088565 0.083333
12 0.596973 0.919239 0.086323 0.083333
8 0.600336 0.828704 0.099776 0.087449
8 0.498318 0.735597 0.093049 0.086420
13 0.501121 0.919753 0.096413 0.086420
