14 0.496637 0.498457 0.834081 0.852881
7 0.294283 0.640947 0.095291 0.094650
7 0.493274 0.641461 0.100897 0.089506
7 0.701794 0.551955 0.096413 0.091564
6 0.089126 0.457305 0.099776 0.091564
6 0.295404 0.456276 0.093049 0.087449
6 0.493274 0.361626 0.089686 0.093621
6 0.700673 0.361626 0.098655 0.089506
6 0.897422 0.364198 0.102018 0.092593
0 0.082399 0.361626 0.088565 0.087449
1 0.089126 0.637346 0.090807 0.087449
1 0.702915 0.268519 0.094170 0.086420
2 0.489910 0.268519 0.087444 0.082305
2 0.693946 0.083848 0.087444 0.083333
3 0.590247 0.268519 0.093049 0.088477
3 0.599776 0.082305 0.094170 0.086420
5 0.398543 0.268519 0.093049 0.086420
5 0.597534 0.641461 0.098655 0.089506
4 0.497758 0.082305 0.098655 0.092593
9 0.193386 0.176955 0.093049 0.084362
10 0.596413 0.363169 0.091928 0.086420
10 0.091928 0.733025 0.103139 0.087449
11 0.294283 0.916667 0.090807 0.090535
11 0.699552 0.919239 0.091928 0.085391
12 0.597534 0.919239 0.085202 0.089506
12 0.395740 0.916667 0.089686 0.078189
8 0.498318 0.732510 0.090807 0.084362
8 0.598655 0.823560 0.091928 0.085391
13 0.502242 0.919239 0.096413 0.085391
