14 0.496637 0.498457 0.834081 0.852881
7 0.296525 0.641461 0.097534 0.089506
7 0.494395 0.639918 0.094170 0.092593
7 0.686659 0.547840 0.088565 0.089506
6 0.089126 0.454733 0.099776 0.088477
6 0.297646 0.456276 0.093049 0.093621
6 0.493274 0.365741 0.100897 0.091564
6 0.700673 0.364712 0.098655 0.095679
6 0.897422 0.361626 0.102018 0.095679
0 0.090247 0.363169 0.097534 0.088477
1 0.083520 0.639918 0.102018 0.086420
1 0.701794 0.265947 0.094170 0.085391
2 0.487668 0.267490 0.087444 0.088477
2 0.697870 0.083848 0.088565 0.077160
3 0.600897 0.082305 0.085202 0.078189
3 0.597534 0.265947 0.094170 0.087449
5 0.398543 0.268519 0.099776 0.092593
5 0.600897 0.634774 0.105381 0.096708
4 0.491031 0.083848 0.087444 0.085391
9 0.701794 0.174383 0.096413 0.085391
10 0.089686 0.733025 0.089686 0.087449
10 0.591928 0.363169 0.087444 0.084362
11 0.297646 0.919239 0.095291 0.085391
11 0.700673 0.919239 0.098655 0.087449
12 0.392937 0.916667 0.086323 0.082305
12 0.595852 0.916667 0.086323 0.082305
8 0.599215 0.824588 0.093049 0.083333
8 0.497758 0.734568 0.091928 0.084362
13 0.500000 0.916667 0.096413 0.084362
