14 0.496637 0.498457 0.834081 0.852881
7 0.296525 0.640947 0.099776 0.096708
7 0.500561 0.641461 0.099776 0.095679
7 0.700673 0.549383 0.096413 0.092593
6 0.090247 0.454733 0.093049 0.084362
6 0.296525 0.448560 0.093049 0.076132
6 0.497758 0.364198 0.098655 0.088477
6 0.686659 0.364198 0.088565 0.094650
6 0.897422 0.363169 0.090807 0.092593
0 0.395740 0.358025 0.089686 0.086420
1 0.098655 0.637346 0.100897 0.083333
1 0.701794 0.268519 0.096413 0.088477
2 0.500561 0.270062 0.097534 0.087449
2 0.701794 0.083848 0.091928 0.085391
3 0.489910 0.180556 0.103139 0.093621
3 0.593049 0.084877 0.089686 0.083333
5 0.390135 0.268519 0.089686 0.084362
5 0.604821 0.639918 0.097534 0.088477
4 0.397422 0.082305 0.095291 0.086420
9 0.801009 0.730453 0.102018 0.090535
10 0.699552 0.172840 0.085202 0.084362
10 0.096413 0.733025 0.087444 0.087449
11 0.296525 0.916667 0.095291 0.082305
11 0.701794 0.921811 0.091928 0.086420
12 0.598094 0.917695 0.088565 0.084362
12 0.396300 0.917695 0.088565 0.084362
8 0.601457 0.827160 0.102018 0.092593
8 0.496637 0.733025 0.105381 0.087449
13 0.496637 0.917181 0.087444 0.081276
