14 0.496637 0.498457 0.834081 0.852881
7 0.296525 0.637346 0.097534 0.091564
7 0.494395 0.638889 0.098655 0.090535
7 0.700673 0.550412 0.094170 0.090535
6 0.096413 0.454733 0.096413 0.088477
6 0.294283 0.456276 0.099776 0.087449
6 0.495516 0.360597 0.094170 0.087449
6 0.693386 0.360597 0.097534 0.087449
6 0.898543 0.360597 0.099776 0.093621
0 0.394619 0.364198 0.087444 0.088477
1 0.089126 0.640947 0.090807 0.088477
1 0.699552 0.268519 0.094170 0.084362
2 0.495516 0.265947 0.094170 0.081276
2 0.691704 0.084877 0.103139 0.089506
3 0.500561 0.177984 0.093049 0.086420
3 0.599776 0.084877 0.094170 0.087449
5 0.398543 0.175412 0.099776 0.091564
5 0.599776 0.640947 0.098655 0.090535
4 0.397422 0.081276 0.097534 0.084362
9 0.803812 0.735597 0.094170 0.082305
10 0.088565 0.736626 0.089686 0.086420
10 0.700673 0.177984 0.098655 0.088477
11 0.297646 0.921811 0.102018 0.092593
11 0.702354 0.922840 0.097534 0.088477
12 0.396300 0.916667 0.088565 0.080247
12 0.598655 0.916667 0.085202 0.082305
8 0.495516 0.731996 0.098655 0.089506
8 0.600336 0.825103 0.099776 0.090535
13 0.498318 0.916152 0.090807 0.085391
