14 0.496637 0.498457 0.834081 0.852881
7 0.294283 0.640947 0.102018 0.092593
7 0.495516 0.640947 0.094170 0.090535
7 0.699552 0.547840 0.098655 0.091564
6 0.096413 0.451132 0.094170 0.085391
6 0.295404 0.456276 0.097534 0.087449
6 0.501682 0.364198 0.093049 0.084362
6 0.699552 0.365741 0.100897 0.091564
6 0.897422 0.360597 0.090807 0.093621
0 0.390135 0.363169 0.089686 0.088477
1 0.090247 0.637346 0.093049 0.087449
1 0.699552 0.271091 0.100897 0.089506
2 0.494395 0.267490 0.091928 0.086420
2 0.700673 0.083848 0.094170 0.087449
3 0.398543 0.268519 0.099776 0.090535
3 0.599776 0.086420 0.094170 0.086420
5 0.395740 0.176955 0.089686 0.082305
5 0.603700 0.637346 0.095291 0.087449
4 0.397422 0.082305 0.097534 0.082305
9 0.803812 0.733025 0.100897 0.083333
10 0.098655 0.736626 0.089686 0.092593
10 0.702915 0.177984 0.089686 0.078189
11 0.295404 0.919239 0.097534 0.089506
11 0.701794 0.919239 0.089686 0.093621
12 0.399664 0.921811 0.088565 0.084362
12 0.599776 0.916667 0.087444 0.076132
8 0.400224 0.733025 0.094170 0.085391
8 0.599215 0.823560 0.102018 0.083333
13 0.496637 0.918210 0.089686 0.087449
