14 0.496637 0.498457 0.834081 0.852881
7 0.297646 0.639918 0.097534 0.088477
7 0.081278 0.641461 0.088565 0.079218
7 0.497758 0.637346 0.091928 0.083333
7 0.701794 0.546811 0.094170 0.087449
7 0.898543 0.638889 0.093049 0.090535
6 0.090247 0.363169 0.093049 0.086420
6 0.288117 0.456276 0.098655 0.087449
6 0.495516 0.363169 0.094170 0.098765
6 0.693386 0.362140 0.097534 0.090535
6 0.897422 0.364198 0.090807 0.098765
0 0.081278 0.086420 0.088565 0.092593
0 0.897422 0.086420 0.090807 0.092593
1 0.195628 0.087449 0.093049 0.088477
1 0.699552 0.271091 0.091928 0.087449
2 0.295404 0.083848 0.090807 0.085391
2 0.699552 0.083848 0.091928 0.083333
3 0.397422 0.082305 0.090807 0.084362
3 0.595852 0.082305 0.088565 0.082305
5 0.191704 0.272634 0.103139 0.092593
5 0.801009 0.272634 0.102018 0.092593
4 0.493834 0.082305 0.099776 0.088477
9 0.905830 0.914095 0.087444 0.083333
9 0.090807 0.921811 0.098655 0.088477
10 0.190022 0.916667 0.088565 0.080247
10 0.700673 0.738169 0.098655 0.091564
11 0.295404 0.919239 0.090807 0.089506
11 0.699552 0.916667 0.091928 0.084362
12 0.399103 0.917695 0.094170 0.080247
12 0.596413 0.916667 0.087444 0.088477
8 0.500561 0.731996 0.106502 0.089506
8 0.190022 0.734053 0.102018 0.085391
13 0.501682 0.918210 0.099776 0.087449
