14 0.496637 0.498457 0.834081 0.852881
7 0.295404 0.642490 0.097534 0.093621
7 0.493274 0.640947 0.089686 0.090535
7 0.701794 0.547840 0.091928 0.087449
6 0.081278 0.456276 0.102018 0.087449
6 0.295404 0.451132 0.093049 0.087449
6 0.500561 0.361626 0.086323 0.089506
6 0.706839 0.451132 0.110987 0.097737
6 0.887892 0.360597 0.087444 0.089506
0 0.390135 0.360597 0.089686 0.087449
1 0.094731 0.641461 0.088565 0.085391
1 0.691143 0.271091 0.088565 0.087449
2 0.494395 0.268519 0.098655 0.084362
2 0.700673 0.083848 0.094170 0.087449
3 0.397422 0.267490 0.095291 0.088477
3 0.502803 0.175412 0.097534 0.089506
5 0.602018 0.646091 0.103139 0.094650
5 0.702915 0.175926 0.091928 0.084362
4 0.400785 0.082305 0.093049 0.080247
9 0.801570 0.177984 0.100897 0.090535
10 0.094731 0.733025 0.088565 0.087449
11 0.296525 0.919239 0.097534 0.087449
11 0.700673 0.920782 0.096413 0.084362
12 0.501121 0.830247 0.098655 0.084362
12 0.395740 0.919239 0.087444 0.083333
8 0.397422 0.733025 0.097534 0.093621
8 0.603700 0.823560 0.099776 0.089506
13 0.503363 0.921296 0.096413 0.087449
