14 0.496637 0.498457 0.834081 0.852881
7 0.295404 0.637346 0.099776 0.089506
7 0.089126 0.642490 0.099776 0.089506
7 0.494395 0.642490 0.098655 0.093621
7 0.699552 0.549383 0.094170 0.086420
7 0.904709 0.642490 0.094170 0.089506
6 0.097534 0.366770 0.098655 0.095679
6 0.298767 0.457819 0.104260 0.084362
6 0.500561 0.365741 0.099776 0.089506
6 0.699552 0.361626 0.091928 0.093621
6 0.906951 0.364198 0.098655 0.092593
0 0.096413 0.084877 0.091928 0.087449
0 0.897422 0.084877 0.102018 0.091564
1 0.301570 0.265947 0.107623 0.091564
1 0.702915 0.270062 0.094170 0.083333
2 0.295404 0.086420 0.097534 0.088477
2 0.699552 0.083848 0.094170 0.087449
3 0.400785 0.084877 0.093049 0.085391
3 0.597534 0.084877 0.094170 0.087449
5 0.190583 0.268519 0.103139 0.094650
5 0.798767 0.267490 0.093049 0.086420
4 0.500561 0.086420 0.097534 0.086420
9 0.904709 0.919239 0.096413 0.089506
9 0.090247 0.919239 0.093049 0.089506
10 0.195628 0.919239 0.093049 0.087449
10 0.700673 0.736626 0.094170 0.088477
11 0.295404 0.921811 0.086323 0.084362
11 0.702354 0.922840 0.099776 0.090535
12 0.600336 0.921811 0.090807 0.084362
12 0.394058 0.921811 0.090807 0.088477
8 0.501682 0.735082 0.097534 0.085391
8 0.193946 0.734053 0.094170 0.087449
13 0.498318 0.918210 0.093049 0.081276
