14 0.496637 0.498457 0.834081 0.852881
7 0.295404 0.640947 0.102018 0.092593
7 0.494395 0.639918 0.098655 0.088477
7 0.687780 0.454733 0.088565 0.088477
6 0.090247 0.456276 0.097534 0.087449
6 0.293722 0.448560 0.103139 0.084362
6 0.493274 0.361626 0.089686 0.091564
6 0.899664 0.364198 0.102018 0.090535
0 0.385650 0.358025 0.087444 0.088477
1 0.084641 0.640947 0.088565 0.082305
1 0.804933 0.826132 0.098655 0.086420
2 0.500561 0.268519 0.093049 0.088477
2 0.700673 0.082305 0.091928 0.092593
3 0.395740 0.268519 0.089686 0.082305
5 0.597534 0.084877 0.098655 0.089506
4 0.399664 0.083848 0.097534 0.089506
9 0.503924 0.174383 0.099776 0.087449
10 0.089686 0.733025 0.091928 0.085391
11 0.700673 0.914095 0.098655 0.083333
11 0.295404 0.919239 0.090807 0.083333
12 0.498879 0.828704 0.089686 0.083333
12 0.397982 0.917695 0.089686 0.084362
8 0.497758 0.727881 0.098655 0.083333
8 0.398543 0.735597 0.090807 0.082305
13 0.498879 0.920267 0.100897 0.083333
