14 0.496637 0.498457 0.834081 0.852881
7 0.294283 0.643519 0.102018 0.087449
7 0.502803 0.639918 0.097534 0.098765
7 0.700673 0.456276 0.094170 0.091564
6 0.096413 0.454733 0.100897 0.092593
6 0.294283 0.453704 0.088565 0.086420
6 0.494395 0.364198 0.098655 0.088477
6 0.898543 0.363169 0.093049 0.092593
0 0.384529 0.363169 0.087444 0.088477
1 0.097534 0.639918 0.100897 0.088477
1 0.596413 0.733025 0.091928 0.089506
2 0.493274 0.265947 0.089686 0.085391
2 0.701794 0.084877 0.094170 0.089506
3 0.391256 0.271091 0.098655 0.087449
5 0.591928 0.082305 0.089686 0.082305
4 0.392937 0.084877 0.088565 0.083333
9 0.498879 0.172840 0.087444 0.084362
10 0.090247 0.730453 0.097534 0.084362
11 0.296525 0.919239 0.095291 0.085391
11 0.701233 0.924383 0.093049 0.099794
12 0.396300 0.916667 0.088565 0.080247
12 0.498318 0.826132 0.090807 0.082305
8 0.396861 0.733025 0.089686 0.081276
8 0.494395 0.731481 0.094170 0.084362
13 0.503363 0.920782 0.094170 0.084362
