14 0.496637 0.498457 0.834081 0.852881
7 0.296525 0.639918 0.097534 0.092593
7 0.494395 0.640947 0.098655 0.088477
7 0.699552 0.454733 0.091928 0.090535
6 0.087444 0.454733 0.103139 0.086420
6 0.297646 0.454733 0.106502 0.090535
6 0.494395 0.364198 0.091928 0.090535
6 0.897422 0.363169 0.102018 0.094650
0 0.384529 0.358025 0.103139 0.084362
1 0.097534 0.639918 0.100897 0.086420
2 0.494395 0.266461 0.091928 0.084362
2 0.700673 0.084877 0.098655 0.091564
3 0.391256 0.269033 0.091928 0.085391
5 0.597534 0.087449 0.098655 0.088477
4 0.398543 0.087449 0.093049 0.092593
9 0.495516 0.175412 0.094170 0.083333
10 0.090247 0.736626 0.097534 0.084362
11 0.702915 0.921811 0.091928 0.090535
11 0.290919 0.916667 0.097534 0.090535
12 0.600336 0.735597 0.093049 0.092593
12 0.397422 0.919239 0.095291 0.087449
8 0.499439 0.734053 0.093049 0.083333
8 0.399664 0.730453 0.097534 0.082305
13 0.502242 0.922325 0.096413 0.089506
