14 0.496637 0.498457 0.834081 0.852881
7 0.293722 0.640947 0.103139 0.086420
7 0.495516 0.637346 0.094170 0.087449
7 0.702915 0.456276 0.098655 0.087449
6 0.090247 0.454733 0.093049 0.088477
6 0.291480 0.454733 0.098655 0.088477
6 0.488789 0.361626 0.103139 0.091564
6 0.898543 0.361626 0.093049 0.093621
0 0.397422 0.733025 0.095291 0.095679
1 0.096413 0.643519 0.096413 0.095679
2 0.493274 0.264918 0.089686 0.085391
2 0.704036 0.084877 0.091928 0.087449
3 0.399664 0.270062 0.090807 0.083333
5 0.594170 0.082305 0.089686 0.082305
4 0.398543 0.086420 0.093049 0.090535
9 0.501682 0.176955 0.097534 0.082305
10 0.089126 0.733025 0.090807 0.087449
11 0.296525 0.922840 0.093049 0.088477
11 0.697870 0.919239 0.088565 0.087449
12 0.398543 0.916667 0.093049 0.082305
12 0.599215 0.736626 0.095291 0.090535
8 0.498879 0.735597 0.103139 0.088477
13 0.500561 0.920782 0.097534 0.084362
