14 0.496637 0.498457 0.834081 0.852881
7 0.296525 0.642490 0.095291 0.093621
7 0.497758 0.643519 0.100897 0.089506
7 0.700673 0.458848 0.098655 0.092593
6 0.090247 0.457819 0.097534 0.090535
6 0.294283 0.454733 0.093049 0.082305
6 0.500561 0.363169 0.099776 0.088477
6 0.898543 0.362140 0.099776 0.090535
0 0.391256 0.733025 0.098655 0.087449
1 0.090247 0.639918 0.093049 0.088477
2 0.493834 0.270062 0.102018 0.091564
2 0.692825 0.082305 0.089686 0.086420
3 0.391256 0.270062 0.091928 0.085391
5 0.588565 0.084877 0.100897 0.091564
4 0.399664 0.086420 0.095291 0.084362
9 0.598655 0.174383 0.100897 0.087449
10 0.090807 0.733025 0.089686 0.091564
11 0.701233 0.919239 0.097534 0.089506
11 0.292601 0.919239 0.087444 0.087449
12 0.600336 0.735597 0.090807 0.088477
12 0.399664 0.919239 0.093049 0.085391
8 0.498318 0.736626 0.095291 0.082305
13 0.501682 0.919239 0.095291 0.079218
