14 0.496637 0.498457 0.834081 0.852881
7 0.295404 0.637346 0.090807 0.089506
7 0.500561 0.637346 0.090807 0.087449
7 0.700673 0.457305 0.091928 0.091564
6 0.097534 0.448560 0.100897 0.084362
6 0.296525 0.453704 0.108744 0.084362
6 0.501682 0.358025 0.093049 0.086420
6 0.900785 0.360597 0.095291 0.087449
0 0.397422 0.547840 0.104260 0.091564
1 0.089126 0.640947 0.086323 0.084362
2 0.494395 0.270062 0.091928 0.085391
2 0.702915 0.087449 0.094170 0.094650
3 0.391256 0.265947 0.091928 0.085391
5 0.494395 0.086420 0.091928 0.086420
4 0.397422 0.082819 0.093049 0.085391
9 0.597534 0.175412 0.094170 0.085391
10 0.090247 0.733025 0.093049 0.087449
11 0.702915 0.919239 0.094170 0.087449
11 0.294283 0.919239 0.088565 0.083333
12 0.399664 0.919239 0.095291 0.087449
12 0.502803 0.827160 0.095291 0.084362
8 0.502803 0.736626 0.104260 0.082305
13 0.499439 0.919753 0.102018 0.084362
