14 0.496637 0.498457 0.834081 0.852881
7 0.295404 0.640947 0.099776 0.088477
7 0.493274 0.639918 0.100897 0.088477
7 0.700673 0.361626 0.096413 0.093621
6 0.096413 0.453704 0.091928 0.082305
6 0.294283 0.454733 0.088565 0.092593
6 0.498879 0.362140 0.089686 0.090535
6 0.898543 0.363169 0.093049 0.088477
0 0.701794 0.550926 0.098655 0.095679
1 0.096413 0.640947 0.091928 0.084362
2 0.295404 0.084877 0.095291 0.091564
2 0.700673 0.082305 0.089686 0.088477
3 0.391256 0.271091 0.098655 0.089506
5 0.495516 0.086420 0.094170 0.088477
4 0.397422 0.082305 0.090807 0.090535
9 0.597534 0.637346 0.091928 0.083333
10 0.094731 0.735597 0.088565 0.086420
11 0.299888 0.919239 0.090807 0.083333
11 0.701794 0.919239 0.091928 0.085391
12 0.502803 0.823560 0.099776 0.081276
12 0.400785 0.916667 0.093049 0.082305
8 0.500561 0.733025 0.093049 0.079218
13 0.501121 0.919239 0.105381 0.087449
