14 0.496637 0.498457 0.834081 0.852881
7 0.295404 0.639918 0.097534 0.088477
7 0.496637 0.640947 0.098655 0.088477
7 0.494395 0.364198 0.107623 0.100823
6 0.096413 0.456276 0.098655 0.085391
6 0.295404 0.451132 0.097534 0.077160
6 0.904709 0.363169 0.103139 0.094650
0 0.699552 0.454733 0.100897 0.094650
1 0.083520 0.640947 0.088565 0.088477
2 0.295404 0.083848 0.088565 0.081276
2 0.692265 0.082305 0.090807 0.086420
3 0.397422 0.268519 0.090807 0.084362
5 0.493274 0.082305 0.089686 0.084362
4 0.397422 0.084877 0.093049 0.085391
9 0.596973 0.641461 0.093049 0.085391
10 0.094731 0.733025 0.088565 0.085391
11 0.295404 0.919239 0.093049 0.085391
12 0.603700 0.916667 0.097534 0.088477
12 0.397982 0.916667 0.089686 0.076132
8 0.497197 0.730453 0.099776 0.088477
13 0.498879 0.918210 0.091928 0.087449
