14 0.496637 0.498457 0.834081 0.852881
7 0.296525 0.644033 0.097534 0.090535
7 0.495516 0.639918 0.094170 0.088477
7 0.496637 0.361626 0.103139 0.093621
6 0.089126 0.454733 0.099776 0.084362
6 0.297646 0.448560 0.097534 0.088477
6 0.904709 0.364198 0.089686 0.088477
0 0.693386 0.455247 0.093049 0.089506
1 0.097534 0.643519 0.094170 0.087449
2 0.292601 0.084877 0.087444 0.091564
2 0.697870 0.084877 0.088565 0.087449
3 0.494395 0.176955 0.098655 0.088477
5 0.500561 0.081276 0.090807 0.084362
4 0.398543 0.085391 0.095291 0.090535
9 0.600897 0.642490 0.091928 0.089506
10 0.092489 0.736626 0.090807 0.090535
11 0.289798 0.919239 0.088565 0.081276
12 0.604821 0.916667 0.093049 0.084362
12 0.400785 0.919239 0.088565 0.091564
8 0.495516 0.729424 0.098655 0.086420
13 0.496076 0.915123 0.097534 0.085391
