14 0.496637 0.498457 0.834081 0.852881
7 0.293722 0.643519 0.103139 0.093621
7 0.501682 0.547840 0.093049 0.095679
7 0.500561 0.362140 0.093049 0.084362
6 0.097534 0.452675 0.098655 0.084362
6 0.298767 0.454733 0.099776 0.084362
6 0.889574 0.360597 0.088565 0.087449
0 0.700673 0.456276 0.094170 0.097737
1 0.084641 0.640947 0.088565 0.088477
2 0.294283 0.082305 0.097534 0.084362
2 0.699552 0.087449 0.098655 0.088477
3 0.500561 0.176955 0.095291 0.088477
5 0.498879 0.082305 0.087444 0.080247
4 0.399664 0.086420 0.088565 0.084362
9 0.600897 0.637346 0.103139 0.087449
10 0.089686 0.733025 0.098655 0.085391
11 0.289798 0.916667 0.097534 0.086420
12 0.397982 0.919239 0.091928 0.085391
12 0.599215 0.919239 0.090807 0.087449
8 0.497197 0.734053 0.093049 0.083333
13 0.501121 0.917181 0.089686 0.081276
