14 0.496637 0.498457 0.834081 0.852881
7 0.295404 0.642490 0.099776 0.087449
7 0.498879 0.547840 0.089686 0.087449
7 0.494395 0.361626 0.098655 0.089506
6 0.090247 0.454733 0.093049 0.090535
6 0.286996 0.454733 0.100897 0.086420
6 0.903027 0.366770 0.104260 0.093621
0 0.397422 0.454733 0.093049 0.094650
1 0.090247 0.642490 0.097534 0.087449
2 0.286996 0.084877 0.089686 0.087449
2 0.691704 0.084877 0.089686 0.089506
3 0.493274 0.177984 0.089686 0.084362
5 0.598655 0.082305 0.100897 0.092593
4 0.399664 0.083848 0.088565 0.085391
9 0.596413 0.637346 0.100897 0.089506
10 0.089686 0.734568 0.087444 0.084362
11 0.294283 0.919239 0.088565 0.087449
12 0.493834 0.823560 0.102018 0.087449
12 0.400785 0.914095 0.088565 0.085391
8 0.494955 0.733025 0.099776 0.083333
13 0.504484 0.919239 0.091928 0.089506
