14 0.496637 0.498457 0.834081 0.852881
7 0.295404 0.641461 0.099776 0.089506
7 0.087444 0.640947 0.103139 0.084362
7 0.501682 0.641461 0.099776 0.089506
7 0.700673 0.547840 0.098655 0.091564
7 0.898543 0.637346 0.099776 0.085391
6 0.097534 0.456276 0.098655 0.091564
6 0.293722 0.456276 0.103139 0.091564
6 0.501682 0.363169 0.093049 0.088477
6 0.701794 0.358025 0.089686 0.090535
6 0.904709 0.361626 0.091928 0.089506
0 0.097534 0.087449 0.098655 0.092593
0 0.897422 0.084877 0.090807 0.091564
1 0.296525 0.270062 0.097534 0.087449
1 0.697870 0.265947 0.088565 0.087449
2 0.704036 0.084877 0.087444 0.083333
2 0.295404 0.079733 0.093049 0.085391
3 0.398543 0.084877 0.093049 0.087449
3 0.596413 0.083848 0.091928 0.085391
5 0.192265 0.268519 0.090807 0.084362
5 0.795404 0.271091 0.090807 0.085391
4 0.492152 0.083848 0.087444 0.085391
9 0.908072 0.919239 0.094170 0.091564
9 0.097534 0.919239 0.103139 0.091564
10 0.089126 0.730453 0.086323 0.080247
10 0.701794 0.735597 0.091928 0.084362
11 0.293722 0.916667 0.087444 0.080247
11 0.697309 0.916667 0.089686 0.076132
12 0.397422 0.915123 0.090807 0.085391
12 0.600336 0.916667 0.088565 0.078189
8 0.498318 0.733025 0.090807 0.089506
8 0.295404 0.732510 0.106502 0.084362
13 0.499439 0.918210 0.097534 0.083333
