14 0.496637 0.498457 0.834081 0.852881
7 0.296525 0.640947 0.097534 0.088477
7 0.493274 0.549383 0.089686 0.094650
7 0.497758 0.361626 0.091928 0.089506
6 0.097534 0.457305 0.100897 0.085391
6 0.295404 0.457305 0.084081 0.087449
6 0.897422 0.368313 0.102018 0.098765
0 0.801570 0.456276 0.100897 0.089506
1 0.091368 0.640947 0.095291 0.088477
2 0.700673 0.082305 0.089686 0.082305
3 0.495516 0.175412 0.094170 0.087449
5 0.597534 0.084877 0.098655 0.087449
4 0.390135 0.082305 0.089686 0.086420
9 0.597534 0.174383 0.094170 0.091564
10 0.090807 0.733025 0.087444 0.085391
11 0.299888 0.918210 0.088565 0.079218
12 0.395179 0.916667 0.090807 0.082305
12 0.498318 0.826132 0.090807 0.082305
8 0.095291 0.268519 0.103139 0.092593
13 0.501121 0.919753 0.091928 0.086420
