14 0.496637 0.498457 0.834081 0.852881
7 0.296525 0.642490 0.097534 0.091564
7 0.494395 0.544239 0.091928 0.088477
7 0.495516 0.363169 0.094170 0.088477
6 0.087444 0.459877 0.103139 0.092593
6 0.297646 0.454733 0.095291 0.096708
6 0.898543 0.361626 0.093049 0.095679
0 0.803812 0.916667 0.107623 0.090535
1 0.093610 0.637346 0.099776 0.087449
2 0.704036 0.082305 0.089686 0.090535
3 0.494395 0.177984 0.098655 0.088477
5 0.596413 0.084877 0.091928 0.085391
4 0.390695 0.082305 0.090807 0.084362
9 0.598094 0.177984 0.102018 0.088477
10 0.090807 0.735597 0.089686 0.086420
11 0.289798 0.914095 0.095291 0.085391
12 0.401906 0.916667 0.088565 0.088477
12 0.598094 0.919239 0.097534 0.085391
8 0.096413 0.271091 0.094170 0.085391
13 0.498879 0.919753 0.091928 0.086420
