14 0.496637 0.498457 0.834081 0.852881
7 0.297646 0.640947 0.097534 0.094650
7 0.497758 0.549383 0.100897 0.092593
7 0.494395 0.361626 0.103139 0.095679
6 0.092489 0.456276 0.090807 0.087449
6 0.294283 0.454733 0.095291 0.092593
6 0.904709 0.364198 0.096413 0.094650
0 0.802691 0.547840 0.100897 0.093621
1 0.096413 0.640947 0.096413 0.088477
2 0.702915 0.082305 0.085202 0.080247
3 0.494395 0.175412 0.091928 0.085391
5 0.603700 0.082305 0.095291 0.088477
4 0.397422 0.083848 0.102018 0.083333
9 0.600897 0.175412 0.103139 0.085391
10 0.097534 0.735597 0.085202 0.080247
11 0.296525 0.919239 0.090807 0.087449
12 0.601457 0.919239 0.093049 0.077160
12 0.394058 0.916667 0.093049 0.082305
8 0.093049 0.270062 0.091928 0.085391
13 0.501682 0.920782 0.086323 0.084362
