14 0.496637 0.498457 0.834081 0.852881
7 0.297646 0.639918 0.097534 0.088477
7 0.494395 0.547840 0.094170 0.093621
7 0.495516 0.358025 0.094170 0.088477
6 0.090247 0.454733 0.093049 0.088477
6 0.294283 0.451132 0.097534 0.087449
6 0.897422 0.363169 0.090807 0.092593
0 0.794283 0.547840 0.102018 0.087449
1 0.091368 0.639918 0.090807 0.088477
2 0.701794 0.084877 0.089686 0.087449
3 0.496637 0.175926 0.091928 0.084362
5 0.595291 0.082305 0.089686 0.084362
4 0.400785 0.084877 0.095291 0.089506
9 0.596973 0.176955 0.102018 0.086420
10 0.091928 0.734568 0.098655 0.084362
11 0.295404 0.919239 0.093049 0.085391
12 0.398543 0.911523 0.090807 0.078189
12 0.601457 0.916667 0.088565 0.088477
8 0.500561 0.265947 0.104260 0.087449
13 0.494955 0.918724 0.099776 0.082305
