14 0.496637 0.498457 0.834081 0.852881
7 0.294283 0.640947 0.102018 0.092593
7 0.496637 0.547840 0.107623 0.091564
7 0.494395 0.361626 0.098655 0.085391
6 0.090247 0.458848 0.097534 0.090535
6 0.294283 0.454733 0.097534 0.092593
6 0.898543 0.361626 0.093049 0.089506
0 0.795404 0.544239 0.099776 0.092593
1 0.092489 0.641461 0.090807 0.085391
2 0.699552 0.084877 0.085202 0.083333
3 0.500561 0.175412 0.093049 0.085391
5 0.593049 0.084877 0.089686 0.083333
4 0.391256 0.176955 0.091928 0.084362
9 0.596413 0.175412 0.100897 0.083333
11 0.296525 0.919239 0.090807 0.083333
12 0.400224 0.919239 0.085202 0.087449
12 0.598094 0.916667 0.093049 0.088477
8 0.497197 0.262346 0.097534 0.080247
10 0.297646 0.820988 0.110987 0.090535
13 0.500561 0.918210 0.090807 0.083333
