14 0.496637 0.498457 0.834081 0.852881
6 0.091368 0.361626 0.088565 0.089506
6 0.295964 0.361626 0.091928 0.087449
6 0.497197 0.361626 0.093049 0.087449
6 0.700112 0.363169 0.090807 0.088477
6 0.902466 0.363169 0.085202 0.084362
0 0.093610 0.084877 0.090807 0.087449
1 0.196188 0.083848 0.091928 0.087449
2 0.294843 0.083333 0.089686 0.086420
3 0.396861 0.083848 0.089686 0.087449
4 0.498318 0.084877 0.095291 0.087449
3 0.602018 0.084877 0.089686 0.087449
2 0.700112 0.084877 0.088565 0.083333
1 0.801570 0.083333 0.091928 0.086420
0 0.902466 0.084877 0.091928 0.087449
5 0.193386 0.271091 0.093049 0.083333
5 0.802691 0.271091 0.091928 0.087449
7 0.094170 0.641461 0.094170 0.089506
7 0.294843 0.640947 0.087444 0.088477
7 0.498318 0.638374 0.095291 0.087449
7 0.702915 0.640947 0.091928 0.082305
7 0.904148 0.642490 0.088565 0.091564
8 0.195067 0.734568 0.096413 0.086420
8 0.500561 0.733025 0.108744 0.093621
9 0.094170 0.920782 0.098655 0.090535
9 0.904709 0.921296 0.091928 0.091564
10 0.801570 0.918724 0.096413 0.088477
10 0.197309 0.918724 0.094170 0.088477
11 0.298206 0.921296 0.091928 0.091564
11 0.700112 0.920267 0.095291 0.087449
12 0.599776 0.920782 0.085202 0.090535
12 0.398543 0.921296 0.097534 0.089506
13 0.498879 0.921811 0.091928 0.088477
