14 0.496637 0.498457 0.834081 0.852881
7 0.089126 0.640947 0.090807 0.086420
7 0.296525 0.639918 0.090807 0.082305
7 0.501682 0.640947 0.093049 0.088477
7 0.700673 0.547840 0.091928 0.089506
7 0.898543 0.642490 0.093049 0.087449
6 0.090247 0.457305 0.093049 0.091564
6 0.295404 0.457305 0.097534 0.091564
6 0.496637 0.361626 0.096413 0.089506
6 0.700673 0.365741 0.096413 0.093621
6 0.898543 0.364198 0.099776 0.092593
0 0.089126 0.084877 0.090807 0.087449
0 0.898543 0.084877 0.093049 0.089506
1 0.195628 0.454733 0.099776 0.092593
1 0.691704 0.270062 0.100897 0.085391
2 0.294283 0.082305 0.088565 0.090535
2 0.701794 0.084877 0.089686 0.085391
3 0.398543 0.084877 0.093049 0.083333
3 0.599776 0.082305 0.094170 0.086420
5 0.193386 0.271091 0.097534 0.087449
5 0.802691 0.271091 0.096413 0.087449
4 0.500561 0.082305 0.093049 0.086420
9 0.089126 0.919239 0.090807 0.087449
9 0.904709 0.919239 0.089686 0.083333
10 0.700673 0.733025 0.098655 0.087449
10 0.090807 0.736626 0.094170 0.088477
11 0.700673 0.919239 0.098655 0.089506
11 0.295404 0.919239 0.090807 0.085391
12 0.597534 0.919239 0.094170 0.087449
12 0.395179 0.919239 0.088565 0.085391
8 0.295964 0.734053 0.100897 0.085391
8 0.497197 0.734053 0.093049 0.087449
13 0.498879 0.918210 0.089686 0.089506
