14 0.496637 0.498457 0.834081 0.852881
7 0.089126 0.640947 0.090807 0.092593
7 0.295404 0.640947 0.097534 0.086420
7 0.498879 0.641461 0.087444 0.085391
7 0.692265 0.549383 0.099776 0.088477
7 0.897422 0.640947 0.090807 0.092593
6 0.090247 0.457305 0.093049 0.087449
6 0.297646 0.454733 0.093049 0.088477
6 0.486547 0.363169 0.103139 0.094650
6 0.692265 0.361626 0.099776 0.089506
6 0.898543 0.364712 0.093049 0.095679
0 0.096413 0.087449 0.100897 0.088477
0 0.801570 0.082305 0.089686 0.086420
1 0.193386 0.457305 0.097534 0.091564
1 0.701794 0.268519 0.098655 0.088477
2 0.500561 0.268519 0.093049 0.092593
2 0.701794 0.082305 0.085202 0.086420
3 0.382287 0.079733 0.087444 0.079218
3 0.589686 0.082819 0.087444 0.079218
5 0.192265 0.268519 0.099776 0.090535
5 0.801570 0.269033 0.091928 0.085391
4 0.496637 0.083848 0.089686 0.083333
9 0.096413 0.823560 0.091928 0.089506
9 0.802691 0.919239 0.091928 0.085391
10 0.702915 0.736626 0.098655 0.092593
10 0.094731 0.735597 0.088565 0.088477
11 0.294843 0.916667 0.087444 0.090535
11 0.702354 0.919239 0.090807 0.083333
12 0.392937 0.919239 0.093049 0.087449
12 0.602018 0.920782 0.089686 0.084362
8 0.497758 0.734568 0.098655 0.084362
8 0.297085 0.733025 0.105381 0.087449
13 0.497758 0.920782 0.089686 0.084362
