14 0.496637 0.498457 0.834081 0.852881
7 0.092489 0.639918 0.090807 0.088477
7 0.295404 0.639918 0.090807 0.086420
7 0.497758 0.637346 0.091928 0.089506
7 0.699552 0.547840 0.094170 0.089506
7 0.904709 0.640947 0.094170 0.088477
6 0.083520 0.456276 0.102018 0.081276
6 0.297646 0.457305 0.095291 0.091564
6 0.495516 0.364198 0.094170 0.088477
6 0.685538 0.362140 0.102018 0.090535
6 0.897422 0.364198 0.090807 0.094650
0 0.100897 0.084877 0.105381 0.087449
0 0.803812 0.081276 0.098655 0.082305
1 0.193386 0.454733 0.090807 0.088477
1 0.701794 0.265947 0.091928 0.089506
2 0.502803 0.271091 0.099776 0.097737
2 0.690583 0.084877 0.087444 0.089506
3 0.389574 0.079733 0.088565 0.083333
3 0.596413 0.079733 0.085202 0.077160
5 0.193386 0.271091 0.093049 0.087449
5 0.802691 0.270062 0.094170 0.087449
4 0.494395 0.083848 0.091928 0.085391
9 0.399664 0.823560 0.104260 0.087449
9 0.804933 0.919239 0.089686 0.085391
10 0.096413 0.733025 0.100897 0.087449
10 0.700112 0.733025 0.088565 0.087449
11 0.297646 0.919239 0.090807 0.085391
11 0.698991 0.919239 0.090807 0.085391
12 0.596413 0.919239 0.094170 0.093621
12 0.398543 0.919239 0.097534 0.083333
8 0.296525 0.733025 0.097534 0.087449
8 0.500561 0.735597 0.097534 0.088477
13 0.498318 0.920782 0.086323 0.088477
