14 0.496637 0.498457 0.834081 0.852881
7 0.089126 0.641461 0.099776 0.089506
7 0.296525 0.640947 0.093049 0.088477
7 0.495516 0.642490 0.094170 0.093621
7 0.701794 0.550412 0.096413 0.088477
7 0.901906 0.640947 0.099776 0.090535
6 0.090247 0.456276 0.097534 0.089506
6 0.297646 0.457305 0.099776 0.089506
6 0.484865 0.361626 0.088565 0.087449
6 0.688901 0.358025 0.088565 0.090535
6 0.904709 0.361626 0.091928 0.093621
0 0.089126 0.355453 0.099776 0.075103
0 0.803812 0.087449 0.098655 0.094650
1 0.195628 0.453704 0.093049 0.080247
1 0.700673 0.268519 0.091928 0.088477
2 0.497758 0.262346 0.091928 0.090535
2 0.701794 0.084877 0.085202 0.087449
3 0.398543 0.082819 0.093049 0.085391
3 0.602018 0.083848 0.089686 0.083333
5 0.295404 0.271091 0.095291 0.087449
5 0.898543 0.268519 0.099776 0.090535
4 0.500561 0.082305 0.090807 0.084362
9 0.397422 0.270062 0.088565 0.087449
9 0.801009 0.361626 0.088565 0.093621
10 0.699552 0.733025 0.091928 0.087449
10 0.093610 0.735597 0.086323 0.088477
11 0.294283 0.919239 0.088565 0.087449
11 0.699552 0.916667 0.091928 0.088477
12 0.599776 0.921811 0.098655 0.090535
12 0.394058 0.919239 0.086323 0.083333
8 0.296525 0.731481 0.090807 0.082305
8 0.498318 0.733025 0.093049 0.085391
13 0.498318 0.919753 0.093049 0.086420
