14 0.496637 0.498457 0.834081 0.852881
7 0.089126 0.640947 0.090807 0.088477
7 0.296525 0.643519 0.097534 0.093621
7 0.494395 0.642490 0.098655 0.091564
7 0.701794 0.547840 0.096413 0.089506
7 0.897422 0.642490 0.090807 0.091564
6 0.089126 0.457305 0.090807 0.085391
6 0.296525 0.454733 0.093049 0.088477
6 0.495516 0.362140 0.094170 0.090535
6 0.699552 0.360597 0.100897 0.087449
6 0.905830 0.361626 0.100897 0.085391
0 0.097534 0.363169 0.100897 0.088477
1 0.193386 0.454733 0.093049 0.092593
1 0.699552 0.267490 0.096413 0.082305
2 0.494395 0.268519 0.091928 0.084362
2 0.701794 0.087449 0.089686 0.092593
3 0.397422 0.082305 0.088565 0.082305
3 0.599776 0.082305 0.089686 0.082305
5 0.297646 0.268519 0.097534 0.088477
5 0.898543 0.268519 0.093049 0.086420
4 0.494395 0.083848 0.091928 0.085391
9 0.391816 0.268519 0.088565 0.088477
9 0.802691 0.083848 0.091928 0.089506
10 0.096413 0.733025 0.098655 0.085391
10 0.700673 0.730453 0.098655 0.088477
11 0.289798 0.919239 0.090807 0.091564
11 0.698430 0.919239 0.089686 0.089506
12 0.392377 0.919239 0.091928 0.087449
12 0.598094 0.919239 0.093049 0.089506
8 0.499439 0.735597 0.090807 0.082305
8 0.297646 0.733025 0.095291 0.085391
13 0.500000 0.918210 0.096413 0.087449
