14 0.496637 0.498457 0.834081 0.852881
7 0.096413 0.640947 0.094170 0.086420
7 0.295404 0.640947 0.097534 0.090535
7 0.495516 0.641461 0.094170 0.095679
7 0.701794 0.547840 0.094170 0.089506
7 0.898543 0.640947 0.093049 0.088477
6 0.091368 0.451646 0.088565 0.092593
6 0.296525 0.456276 0.099776 0.087449
6 0.493274 0.361626 0.100897 0.089506
6 0.699552 0.361626 0.100897 0.085391
6 0.904709 0.363169 0.100897 0.092593
0 0.096413 0.364198 0.098655 0.088477
1 0.183857 0.453704 0.089686 0.086420
1 0.803812 0.084877 0.094170 0.087449
2 0.498879 0.268519 0.087444 0.088477
2 0.700673 0.087449 0.089686 0.088477
3 0.391256 0.084877 0.098655 0.087449
3 0.597534 0.084877 0.094170 0.087449
5 0.294283 0.268519 0.090807 0.084362
5 0.899664 0.272634 0.097534 0.088477
4 0.492152 0.082305 0.087444 0.080247
9 0.399664 0.270062 0.090807 0.085391
10 0.700673 0.734568 0.098655 0.084362
10 0.090247 0.733025 0.093049 0.085391
11 0.294283 0.919239 0.088565 0.087449
11 0.699552 0.919239 0.096413 0.083333
12 0.596413 0.919239 0.085202 0.083333
12 0.392937 0.921811 0.093049 0.090535
8 0.301009 0.733025 0.088565 0.081276
8 0.496637 0.733025 0.096413 0.083333
13 0.499439 0.919239 0.097534 0.093621
