14 0.496637 0.498457 0.834081 0.852881
7 0.295404 0.639918 0.095291 0.092593
7 0.493274 0.640947 0.100897 0.084362
7 0.700673 0.547840 0.094170 0.091564
7 0.898543 0.642490 0.099776 0.093621
6 0.089126 0.454733 0.090807 0.092593
6 0.288117 0.457305 0.098655 0.091564
6 0.495516 0.363169 0.094170 0.088477
6 0.700673 0.364198 0.098655 0.092593
6 0.899664 0.361626 0.097534 0.085391
0 0.089126 0.361626 0.099776 0.083333
1 0.097534 0.640947 0.091928 0.082305
1 0.802691 0.082305 0.096413 0.084362
2 0.500561 0.270062 0.097534 0.083333
2 0.699552 0.083848 0.094170 0.091564
3 0.398543 0.082305 0.097534 0.088477
3 0.598655 0.082305 0.089686 0.082305
5 0.296525 0.270062 0.095291 0.087449
5 0.899664 0.270062 0.097534 0.087449
4 0.498879 0.082305 0.087444 0.082305
9 0.391816 0.549383 0.088565 0.088477
10 0.096413 0.733025 0.100897 0.083333
10 0.700673 0.733025 0.094170 0.085391
11 0.295404 0.919239 0.093049 0.085391
11 0.700673 0.919239 0.087444 0.085391
12 0.395179 0.919239 0.088565 0.089506
12 0.597534 0.919239 0.094170 0.087449
8 0.498318 0.734568 0.097534 0.084362
8 0.296525 0.822016 0.099776 0.088477
13 0.498318 0.919753 0.088565 0.084362
