14 0.496637 0.498457 0.834081 0.852881
7 0.295404 0.643519 0.097534 0.089506
7 0.494395 0.640947 0.098655 0.086420
7 0.686659 0.550412 0.088565 0.088477
7 0.898543 0.642490 0.099776 0.091564
6 0.089126 0.454733 0.099776 0.090535
6 0.294283 0.457819 0.102018 0.090535
6 0.494395 0.361626 0.091928 0.093621
6 0.700673 0.361626 0.098655 0.089506
6 0.899664 0.363169 0.097534 0.088477
0 0.096413 0.364198 0.091928 0.086420
1 0.089126 0.637346 0.090807 0.083333
1 0.699552 0.270062 0.100897 0.087449
2 0.493274 0.270062 0.094170 0.089506
2 0.702915 0.087449 0.094170 0.092593
3 0.397422 0.083848 0.095291 0.087449
3 0.599776 0.082305 0.087444 0.080247
5 0.289238 0.271091 0.094170 0.087449
5 0.898543 0.271091 0.099776 0.089506
4 0.501682 0.082305 0.090807 0.086420
9 0.398543 0.549383 0.086323 0.080247
10 0.093610 0.736626 0.099776 0.094650
10 0.597534 0.550412 0.098655 0.098765
11 0.297085 0.919239 0.094170 0.085391
11 0.701794 0.916667 0.091928 0.080247
12 0.392937 0.919239 0.088565 0.083333
12 0.598655 0.918210 0.091928 0.091564
8 0.498318 0.733025 0.093049 0.087449
8 0.293161 0.823560 0.097534 0.085391
13 0.497197 0.920782 0.086323 0.086420
