14 0.496637 0.498457 0.834081 0.852881
7 0.297646 0.640947 0.095291 0.088477
7 0.501682 0.637346 0.095291 0.089506
7 0.701794 0.547840 0.098655 0.091564
6 0.081278 0.456276 0.088565 0.087449
6 0.295404 0.451132 0.093049 0.085391
6 0.484865 0.361626 0.088565 0.087449
6 0.699552 0.363169 0.094170 0.088477
6 0.899664 0.365741 0.097534 0.089506
0 0.090247 0.358025 0.097534 0.080247
1 0.096413 0.639918 0.094170 0.084362
1 0.699552 0.268519 0.100897 0.088477
2 0.494395 0.265947 0.091928 0.083333
2 0.699552 0.084877 0.091928 0.091564
3 0.496637 0.172840 0.087444 0.080247
3 0.595852 0.082305 0.088565 0.082305
5 0.293722 0.271091 0.103139 0.093621
5 0.897422 0.640947 0.102018 0.092593
4 0.493274 0.082305 0.100897 0.082305
9 0.397422 0.178498 0.088565 0.085391
10 0.089126 0.730453 0.090807 0.088477
10 0.399664 0.457305 0.097534 0.097737
11 0.295404 0.919239 0.093049 0.083333
11 0.702915 0.916667 0.094170 0.082305
12 0.594170 0.921811 0.087444 0.088477
12 0.397422 0.921811 0.088565 0.088477
8 0.296525 0.826132 0.095291 0.084362
8 0.498318 0.733025 0.097534 0.085391
13 0.500000 0.921296 0.096413 0.087449
