14 0.496637 0.498457 0.834081 0.852881
7 0.295404 0.643519 0.097534 0.093621
7 0.494395 0.640947 0.091928 0.092593
7 0.699552 0.550412 0.091928 0.092593
6 0.090247 0.451132 0.093049 0.083333
6 0.297646 0.457305 0.095291 0.093621
6 0.500561 0.362140 0.095291 0.090535
6 0.700673 0.361626 0.107623 0.087449
6 0.905830 0.364198 0.091928 0.088477
0 0.081278 0.361626 0.102018 0.081276
1 0.085762 0.637346 0.102018 0.087449
1 0.702915 0.268519 0.094170 0.088477
2 0.500561 0.267490 0.099776 0.082305
2 0.704036 0.084877 0.091928 0.089506
3 0.493274 0.175412 0.089686 0.083333
3 0.594170 0.084877 0.089686 0.083333
5 0.192265 0.271091 0.099776 0.089506
5 0.905830 0.637346 0.098655 0.089506
4 0.494395 0.082819 0.098655 0.085391
9 0.395740 0.176955 0.089686 0.086420
10 0.096413 0.733025 0.094170 0.087449
10 0.398543 0.457305 0.093049 0.091564
11 0.296525 0.916667 0.102018 0.088477
11 0.704036 0.919239 0.091928 0.087449
12 0.391816 0.917695 0.086323 0.084362
12 0.598094 0.921811 0.084081 0.082305
8 0.602578 0.823560 0.097534 0.089506
8 0.498318 0.735082 0.102018 0.091564
13 0.502803 0.920267 0.093049 0.089506
