14 0.496637 0.498457 0.834081 0.852881
7 0.296525 0.640947 0.102018 0.094650
7 0.494395 0.644033 0.091928 0.090535
7 0.699552 0.547840 0.096413 0.087449
6 0.097534 0.457305 0.098655 0.093621
6 0.296525 0.454733 0.097534 0.088477
6 0.497758 0.363169 0.098655 0.092593
6 0.700673 0.363169 0.098655 0.092593
6 0.905830 0.364198 0.094170 0.092593
0 0.089126 0.363169 0.099776 0.082305
1 0.083520 0.637346 0.088565 0.085391
1 0.691704 0.265947 0.103139 0.089506
2 0.486547 0.265947 0.103139 0.087449
2 0.697870 0.083848 0.088565 0.087449
3 0.493274 0.175926 0.089686 0.084362
3 0.597534 0.084877 0.094170 0.087449
5 0.193386 0.271091 0.093049 0.087449
5 0.598655 0.640947 0.098655 0.090535
4 0.497758 0.082305 0.091928 0.086420
9 0.390695 0.174383 0.090807 0.083333
10 0.397422 0.451132 0.093049 0.085391
10 0.089686 0.733025 0.100897 0.087449
11 0.296525 0.921811 0.093049 0.080247
11 0.698991 0.919239 0.090807 0.085391
12 0.599215 0.922840 0.090807 0.084362
12 0.399664 0.919239 0.086323 0.079218
8 0.498318 0.733025 0.097534 0.089506
8 0.599776 0.824588 0.089686 0.083333
13 0.500561 0.920782 0.095291 0.088477
