14 0.496637 0.498457 0.834081 0.852881
7 0.296525 0.642490 0.095291 0.089506
7 0.495516 0.639918 0.094170 0.088477
7 0.699552 0.547840 0.096413 0.089506
6 0.097534 0.457305 0.098655 0.091564
6 0.294283 0.454733 0.099776 0.088477
6 0.494395 0.361626 0.098655 0.089506
6 0.699552 0.361626 0.105381 0.089506
6 0.898543 0.364198 0.093049 0.094650
0 0.089126 0.363169 0.090807 0.082305
1 0.090247 0.641461 0.093049 0.089506
1 0.700673 0.267490 0.096413 0.088477
2 0.494395 0.265947 0.098655 0.081276
2 0.704036 0.083848 0.085202 0.089506
3 0.494395 0.172840 0.091928 0.086420
3 0.596413 0.082305 0.091928 0.086420
5 0.398543 0.268519 0.099776 0.090535
5 0.604821 0.639918 0.097534 0.088477
4 0.495516 0.084877 0.094170 0.087449
9 0.192825 0.175412 0.091928 0.085391
10 0.398543 0.457305 0.099776 0.087449
10 0.090247 0.735597 0.093049 0.088477
11 0.295404 0.919239 0.099776 0.087449
11 0.702354 0.920782 0.088565 0.090535
12 0.597534 0.917695 0.087444 0.084362
12 0.397422 0.916667 0.086323 0.082305
8 0.500561 0.736626 0.093049 0.092593
8 0.599215 0.819444 0.093049 0.083333
13 0.497758 0.919753 0.091928 0.084362
