14 0.496637 0.498457 0.834081 0.852881
7 0.296525 0.642490 0.095291 0.093621
7 0.494395 0.642490 0.091928 0.087449
7 0.693386 0.547840 0.093049 0.085391
6 0.090247 0.456276 0.097534 0.089506
6 0.294283 0.456276 0.090807 0.087449
6 0.494395 0.361626 0.098655 0.089506
6 0.699552 0.361626 0.100897 0.091564
6 0.898543 0.364198 0.093049 0.092593
0 0.091368 0.361626 0.095291 0.083333
1 0.097534 0.637346 0.094170 0.083333
1 0.700673 0.267490 0.098655 0.082305
2 0.497758 0.264918 0.100897 0.083333
2 0.700673 0.084877 0.094170 0.079218
3 0.486547 0.169239 0.087444 0.079218
3 0.599776 0.084877 0.094170 0.087449
5 0.397422 0.268519 0.097534 0.088477
5 0.596413 0.642490 0.100897 0.091564
4 0.492152 0.082305 0.087444 0.082305
9 0.803812 0.177984 0.100897 0.090535
10 0.596413 0.362140 0.091928 0.084362
10 0.093049 0.733025 0.089686 0.091564
11 0.295404 0.919239 0.090807 0.087449
11 0.701233 0.919239 0.095291 0.085391
12 0.395179 0.919239 0.088565 0.091564
12 0.596973 0.919239 0.086323 0.085391
8 0.599215 0.826132 0.097534 0.082305
8 0.499439 0.734053 0.097534 0.085391
13 0.501121 0.920267 0.094170 0.087449
