14 0.496637 0.498457 0.834081 0.852881
7 0.295404 0.643519 0.097534 0.091564
7 0.496637 0.640947 0.103139 0.090535
7 0.701794 0.550412 0.096413 0.094650
6 0.107063 0.454733 0.115471 0.082305
6 0.295404 0.448560 0.106502 0.076132
6 0.494395 0.363169 0.091928 0.094650
6 0.700673 0.363169 0.098655 0.088477
6 0.896861 0.364198 0.103139 0.090535
0 0.390135 0.363169 0.100897 0.094650
1 0.084641 0.640947 0.088565 0.086420
1 0.699552 0.268519 0.098655 0.086420
2 0.494395 0.264918 0.091928 0.077160
2 0.699552 0.084877 0.091928 0.085391
3 0.494395 0.174383 0.091928 0.087449
3 0.596413 0.083848 0.091928 0.085391
5 0.391256 0.268519 0.091928 0.086420
5 0.603700 0.640947 0.099776 0.090535
4 0.495516 0.082305 0.087444 0.080247
9 0.804933 0.175412 0.091928 0.085391
10 0.090807 0.733025 0.098655 0.087449
10 0.594731 0.364198 0.088565 0.086420
11 0.295404 0.920782 0.097534 0.084362
11 0.702915 0.921811 0.085202 0.082305
12 0.597534 0.920782 0.089686 0.084362
12 0.392937 0.919239 0.088565 0.085391
8 0.497758 0.735597 0.091928 0.086420
8 0.600336 0.822016 0.099776 0.082305
13 0.502242 0.918724 0.096413 0.088477
