14 0.496637 0.498457 0.834081 0.852881
7 0.294283 0.642490 0.097534 0.091564
7 0.494395 0.637346 0.091928 0.095679
7 0.699552 0.549383 0.098655 0.092593
6 0.090247 0.456276 0.093049 0.087449
6 0.296525 0.451132 0.093049 0.077160
6 0.494395 0.361626 0.098655 0.085391
6 0.699552 0.363169 0.100897 0.088477
6 0.898543 0.364198 0.093049 0.090535
0 0.392377 0.358025 0.094170 0.088477
1 0.096413 0.643519 0.091928 0.083333
1 0.702915 0.270062 0.098655 0.087449
2 0.501682 0.262346 0.097534 0.084362
2 0.699552 0.084877 0.089686 0.083333
3 0.494395 0.175412 0.098655 0.089506
3 0.594731 0.082305 0.088565 0.082305
5 0.399664 0.270062 0.099776 0.091564
5 0.596413 0.637346 0.098655 0.089506
4 0.500561 0.086420 0.095291 0.088477
9 0.802691 0.179527 0.094170 0.087449
10 0.704036 0.177984 0.091928 0.086420
10 0.090807 0.736626 0.100897 0.090535
11 0.294283 0.919239 0.088565 0.087449
11 0.702915 0.922840 0.098655 0.086420
12 0.394058 0.916667 0.090807 0.084362
12 0.598094 0.916667 0.093049 0.086420
8 0.595291 0.818416 0.091928 0.073045
8 0.496637 0.733025 0.096413 0.089506
13 0.498879 0.918724 0.091928 0.082305
