14 0.496637 0.498457 0.834081 0.852881
7 0.294283 0.637346 0.093049 0.087449
7 0.494395 0.639918 0.091928 0.088477
7 0.699552 0.549383 0.100897 0.090535
6 0.089126 0.457305 0.090807 0.087449
6 0.297646 0.454733 0.090807 0.090535
6 0.494395 0.358025 0.098655 0.088477
6 0.692265 0.358025 0.099776 0.088477
6 0.889013 0.364198 0.087444 0.088477
0 0.395740 0.364198 0.089686 0.088477
1 0.096413 0.637346 0.091928 0.089506
1 0.700673 0.265947 0.094170 0.083333
2 0.495516 0.265947 0.094170 0.085391
2 0.701794 0.082305 0.089686 0.088477
3 0.494395 0.179527 0.091928 0.085391
3 0.597534 0.082305 0.098655 0.088477
5 0.398543 0.272634 0.093049 0.086420
5 0.596413 0.637346 0.091928 0.087449
4 0.396861 0.082305 0.103139 0.092593
9 0.802691 0.176955 0.094170 0.088477
10 0.096413 0.733025 0.096413 0.081276
10 0.702915 0.176955 0.091928 0.084362
11 0.295404 0.916667 0.090807 0.084362
11 0.698991 0.919239 0.088565 0.087449
12 0.598655 0.917695 0.089686 0.084362
12 0.397422 0.919239 0.088565 0.085391
8 0.501682 0.738169 0.095291 0.091564
8 0.599215 0.824588 0.097534 0.091564
13 0.498879 0.917181 0.096413 0.085391
