14 0.496637 0.498457 0.834081 0.852881
7 0.295404 0.640947 0.097534 0.092593
7 0.494395 0.641461 0.091928 0.089506
7 0.700673 0.547840 0.098655 0.091564
6 0.090247 0.457305 0.093049 0.085391
6 0.294283 0.451132 0.097534 0.089506
6 0.497758 0.358025 0.089686 0.084362
6 0.700673 0.362140 0.098655 0.090535
6 0.897422 0.364198 0.090807 0.092593
0 0.390135 0.361626 0.089686 0.085391
1 0.096413 0.634774 0.094170 0.082305
1 0.699552 0.270062 0.091928 0.081276
2 0.494395 0.265947 0.091928 0.085391
2 0.700673 0.083848 0.098655 0.087449
3 0.493274 0.175412 0.089686 0.083333
3 0.596413 0.083848 0.091928 0.085391
5 0.395740 0.177984 0.100897 0.092593
5 0.600897 0.640947 0.100897 0.092593
4 0.400785 0.084877 0.104260 0.087449
9 0.804933 0.735597 0.096413 0.088477
10 0.699552 0.177984 0.098655 0.084362
10 0.090807 0.737140 0.100897 0.085391
11 0.700673 0.919239 0.091928 0.089506
11 0.295404 0.916667 0.099776 0.082305
12 0.600897 0.921811 0.087444 0.084362
12 0.395740 0.918210 0.089686 0.075103
8 0.596413 0.826132 0.103139 0.088477
8 0.395740 0.734568 0.105381 0.090535
13 0.500000 0.920782 0.089686 0.086420
