14 0.496637 0.498457 0.834081 0.852881
7 0.294283 0.639918 0.097534 0.088477
7 0.498879 0.639918 0.089686 0.088477
7 0.699552 0.547840 0.091928 0.085391
6 0.090247 0.454733 0.093049 0.082305
6 0.286996 0.454733 0.089686 0.082305
6 0.495516 0.363169 0.096413 0.084362
6 0.700673 0.361626 0.091928 0.085391
6 0.898543 0.361626 0.099776 0.093621
0 0.394619 0.360597 0.091928 0.089506
1 0.085762 0.640947 0.102018 0.088477
1 0.702915 0.268519 0.103139 0.086420
2 0.501682 0.271605 0.095291 0.090535
2 0.695067 0.084877 0.089686 0.087449
3 0.391256 0.270062 0.091928 0.085391
3 0.597534 0.083848 0.098655 0.087449
5 0.392377 0.175412 0.094170 0.087449
5 0.595291 0.640947 0.103139 0.092593
4 0.398543 0.084877 0.093049 0.085391
9 0.804933 0.730453 0.089686 0.084362
10 0.699552 0.176955 0.094170 0.086420
10 0.090807 0.733025 0.089686 0.085391
11 0.700673 0.922840 0.082960 0.092593
11 0.290919 0.918210 0.102018 0.089506
12 0.497197 0.826132 0.093049 0.088477
12 0.394619 0.914095 0.089686 0.077160
8 0.604821 0.828704 0.104260 0.087449
8 0.396300 0.735597 0.090807 0.092593
13 0.501682 0.920782 0.095291 0.082305
