14 0.496637 0.498457 0.834081 0.852881
7 0.294283 0.639918 0.104260 0.086420
7 0.493274 0.640947 0.100897 0.092593
7 0.699552 0.547840 0.100897 0.087449
6 0.082399 0.456276 0.088565 0.087449
6 0.295404 0.454733 0.099776 0.090535
6 0.500561 0.363169 0.097534 0.082305
6 0.697870 0.360597 0.088565 0.083333
6 0.903027 0.364198 0.090807 0.088477
0 0.394619 0.360597 0.085202 0.087449
1 0.083520 0.640947 0.088565 0.090535
1 0.699552 0.268519 0.091928 0.086420
2 0.497758 0.268519 0.098655 0.086420
2 0.700673 0.082305 0.094170 0.086420
3 0.497758 0.177984 0.098655 0.090535
3 0.393498 0.268519 0.094170 0.086420
5 0.392377 0.176955 0.094170 0.088477
5 0.593049 0.637346 0.089686 0.083333
4 0.400785 0.082305 0.099776 0.084362
9 0.795964 0.733025 0.091928 0.091564
10 0.699552 0.175412 0.091928 0.083333
10 0.094731 0.736626 0.088565 0.086420
11 0.294283 0.919239 0.088565 0.087449
11 0.700673 0.916667 0.094170 0.080247
12 0.498318 0.826132 0.088565 0.088477
12 0.396300 0.919239 0.088565 0.087449
8 0.397422 0.735597 0.090807 0.082305
8 0.598655 0.828704 0.096413 0.093621
13 0.500000 0.918724 0.096413 0.082305
