14 0.496637 0.498457 0.834081 0.852881
7 0.295404 0.637346 0.090807 0.089506
7 0.494395 0.640947 0.091928 0.090535
7 0.699552 0.550412 0.098655 0.088477
6 0.089126 0.457305 0.099776 0.093621
6 0.293722 0.456276 0.103139 0.093621
6 0.500561 0.362140 0.093049 0.090535
6 0.702915 0.363169 0.087444 0.088477
6 0.900785 0.360597 0.090807 0.091564
0 0.395740 0.359568 0.089686 0.089506
1 0.089126 0.642490 0.099776 0.081276
1 0.701794 0.268519 0.091928 0.090535
2 0.491031 0.265947 0.103139 0.079218
2 0.699552 0.084877 0.091928 0.087449
3 0.394619 0.268519 0.091928 0.084362
3 0.488789 0.175412 0.087444 0.081276
5 0.398543 0.175926 0.099776 0.090535
5 0.595291 0.638889 0.089686 0.084362
4 0.392937 0.083848 0.088565 0.085391
9 0.802691 0.268519 0.091928 0.092593
10 0.091928 0.735597 0.091928 0.084362
10 0.700673 0.177984 0.089686 0.084362
11 0.701794 0.916667 0.087444 0.086420
11 0.296525 0.916667 0.093049 0.082305
12 0.397422 0.916667 0.090807 0.082305
12 0.498318 0.823560 0.090807 0.089506
8 0.601457 0.827160 0.099776 0.088477
8 0.400224 0.736626 0.107623 0.092593
13 0.502803 0.916667 0.099776 0.076132
