14 0.496637 0.498457 0.834081 0.852881
7 0.294283 0.642490 0.102018 0.091564
7 0.497758 0.640947 0.098655 0.090535
7 0.699552 0.547840 0.094170 0.091564
6 0.096413 0.457305 0.091928 0.089506
6 0.296525 0.451132 0.097534 0.083333
6 0.494395 0.363169 0.091928 0.088477
6 0.701794 0.362140 0.098655 0.084362
6 0.901906 0.358025 0.088565 0.090535
0 0.395179 0.364198 0.088565 0.078189
1 0.090247 0.643519 0.097534 0.089506
1 0.699552 0.270062 0.091928 0.085391
2 0.498879 0.268519 0.087444 0.092593
2 0.699552 0.084877 0.100897 0.085391
3 0.495516 0.177984 0.094170 0.088477
5 0.697870 0.176955 0.102018 0.092593
5 0.599776 0.640947 0.091928 0.084362
4 0.398543 0.084877 0.099776 0.087449
9 0.802691 0.272634 0.091928 0.086420
10 0.096413 0.736626 0.094170 0.082305
11 0.294283 0.919239 0.088565 0.085391
11 0.699552 0.919239 0.094170 0.087449
12 0.494395 0.828704 0.091928 0.085391
12 0.396300 0.919239 0.088565 0.081276
8 0.397422 0.733025 0.099776 0.087449
8 0.598094 0.826132 0.097534 0.088477
13 0.497197 0.919239 0.104260 0.085391
3 0.395179 0.271091 0.093049 0.091564
