14 0.496637 0.498457 0.834081 0.852881
7 0.294283 0.641461 0.088565 0.089506
7 0.494395 0.640947 0.091928 0.088477
7 0.699552 0.551955 0.096413 0.091564
6 0.083520 0.453704 0.088565 0.084362
6 0.295404 0.448560 0.093049 0.084362
6 0.493274 0.360597 0.089686 0.093621
6 0.699552 0.358025 0.091928 0.090535
6 0.898543 0.361626 0.093049 0.089506
0 0.385650 0.360597 0.087444 0.083333
1 0.089126 0.641461 0.090807 0.085391
1 0.700673 0.271091 0.098655 0.085391
2 0.494395 0.268519 0.091928 0.090535
2 0.691704 0.082305 0.103139 0.088477
3 0.386771 0.270062 0.087444 0.081276
5 0.699552 0.175412 0.091928 0.085391
5 0.597534 0.639918 0.094170 0.088477
4 0.391256 0.081276 0.091928 0.082305
9 0.801570 0.175412 0.103139 0.091564
10 0.094731 0.733025 0.088565 0.091564
11 0.295404 0.919239 0.090807 0.085391
11 0.698991 0.916667 0.090807 0.082305
12 0.393498 0.916667 0.087444 0.080247
12 0.497758 0.826132 0.089686 0.086420
8 0.600336 0.828704 0.095291 0.087449
8 0.394058 0.736626 0.104260 0.092593
13 0.501682 0.920267 0.095291 0.087449
3 0.498879 0.175412 0.094170 0.083333
