14 0.496637 0.498457 0.834081 0.852881
7 0.295404 0.639918 0.097534 0.092593
7 0.495516 0.640947 0.094170 0.088477
7 0.699552 0.547840 0.094170 0.087449
6 0.094731 0.456276 0.088565 0.087449
6 0.296525 0.454733 0.093049 0.090535
6 0.500561 0.360597 0.090807 0.083333
6 0.690583 0.451132 0.103139 0.087449
6 0.896861 0.360597 0.103139 0.089506
0 0.393498 0.358025 0.085202 0.086420
1 0.080157 0.641461 0.088565 0.089506
1 0.699552 0.273663 0.098655 0.090535
2 0.495516 0.268519 0.094170 0.088477
2 0.701794 0.084877 0.096413 0.087449
3 0.395740 0.262346 0.087444 0.080247
3 0.493834 0.179527 0.088565 0.083333
5 0.603700 0.640947 0.099776 0.090535
4 0.392937 0.086420 0.088565 0.086420
9 0.697309 0.174383 0.103139 0.087449
10 0.090807 0.730453 0.094170 0.082305
11 0.297085 0.919239 0.096413 0.081276
11 0.702915 0.919239 0.091928 0.087449
12 0.396861 0.916667 0.087444 0.076132
12 0.500561 0.828704 0.086323 0.083333
8 0.599215 0.824588 0.097534 0.083333
8 0.397422 0.731481 0.102018 0.082305
13 0.502242 0.920782 0.094170 0.084362
