14 0.496637 0.498457 0.834081 0.852881
7 0.296525 0.642490 0.093049 0.087449
7 0.494395 0.640947 0.091928 0.086420
7 0.692265 0.544239 0.090807 0.088477
6 0.096413 0.454733 0.098655 0.088477
6 0.298767 0.454733 0.102018 0.094650
6 0.493274 0.360597 0.100897 0.087449
6 0.700673 0.448560 0.098655 0.086420
6 0.899664 0.364198 0.097534 0.092593
0 0.385650 0.364712 0.087444 0.085391
1 0.089126 0.644033 0.090807 0.090535
1 0.801570 0.454733 0.100897 0.092593
2 0.491031 0.268519 0.103139 0.088477
2 0.692825 0.084877 0.103139 0.087449
3 0.394619 0.265947 0.089686 0.083333
3 0.495516 0.175412 0.094170 0.087449
5 0.597534 0.639918 0.098655 0.090535
4 0.391256 0.084877 0.098655 0.087449
9 0.701794 0.177984 0.091928 0.088477
10 0.096413 0.730453 0.091928 0.086420
11 0.296525 0.921811 0.102018 0.086420
11 0.700112 0.922840 0.104260 0.088477
12 0.497197 0.826132 0.097534 0.084362
12 0.394058 0.917695 0.084081 0.080247
8 0.395179 0.735597 0.097534 0.086420
8 0.598094 0.825617 0.099776 0.085391
13 0.500561 0.919753 0.095291 0.086420
