14 0.496637 0.498457 0.834081 0.852881
7 0.296525 0.640947 0.097534 0.088477
7 0.495516 0.637346 0.094170 0.089506
7 0.690583 0.457305 0.103139 0.093621
6 0.097534 0.456276 0.100897 0.087449
6 0.297646 0.451132 0.102018 0.089506
6 0.501682 0.363169 0.095291 0.092593
6 0.904709 0.365741 0.094170 0.093621
0 0.391256 0.358025 0.098655 0.088477
1 0.090247 0.640947 0.093049 0.086420
1 0.692265 0.640947 0.090807 0.090535
2 0.493274 0.268519 0.089686 0.086420
2 0.699552 0.084877 0.100897 0.083333
3 0.397422 0.265947 0.093049 0.085391
3 0.493274 0.176955 0.089686 0.084362
5 0.597534 0.640947 0.098655 0.088477
4 0.390135 0.083848 0.089686 0.087449
9 0.699552 0.177984 0.100897 0.090535
10 0.089686 0.736626 0.089686 0.094650
11 0.296525 0.919239 0.090807 0.085391
11 0.700673 0.922840 0.098655 0.088477
12 0.394619 0.919239 0.091928 0.081276
12 0.501682 0.826132 0.086323 0.082305
8 0.599215 0.735597 0.104260 0.096708
8 0.395179 0.736626 0.097534 0.088477
13 0.501682 0.917181 0.095291 0.081276
