14 0.496637 0.498457 0.834081 0.852881
7 0.295404 0.639918 0.093049 0.092593
7 0.497758 0.637346 0.100897 0.089506
7 0.700673 0.456276 0.098655 0.089506
6 0.097534 0.454733 0.105381 0.094650
6 0.293722 0.454733 0.103139 0.082305
6 0.906951 0.364198 0.103139 0.098765
0 0.391256 0.360597 0.091928 0.087449
1 0.090247 0.640947 0.093049 0.090535
1 0.700673 0.637346 0.094170 0.089506
2 0.494395 0.267490 0.091928 0.092593
2 0.700673 0.082305 0.098655 0.084362
3 0.500561 0.175412 0.090807 0.083333
3 0.392377 0.267490 0.094170 0.088477
5 0.597534 0.082305 0.098655 0.090535
4 0.398543 0.082305 0.093049 0.086420
9 0.701794 0.177984 0.096413 0.088477
10 0.089686 0.735597 0.091928 0.088477
11 0.701794 0.916667 0.096413 0.088477
11 0.294283 0.919239 0.099776 0.085391
12 0.397422 0.916667 0.086323 0.082305
12 0.498879 0.827160 0.089686 0.084362
8 0.396300 0.734053 0.097534 0.087449
8 0.599215 0.734053 0.097534 0.087449
13 0.499439 0.918724 0.095291 0.082305
