14 0.496637 0.498457 0.834081 0.852881
7 0.297646 0.640947 0.099776 0.092593
7 0.494395 0.640947 0.098655 0.094650
7 0.700673 0.457305 0.098655 0.097737
6 0.097534 0.457305 0.105381 0.087449
6 0.295404 0.451132 0.099776 0.087449
6 0.486547 0.364198 0.087444 0.084362
6 0.900785 0.361626 0.099776 0.087449
0 0.397422 0.358025 0.090807 0.086420
1 0.090247 0.640947 0.093049 0.092593
1 0.690583 0.640947 0.087444 0.090535
2 0.500561 0.268519 0.099776 0.088477
2 0.699552 0.087449 0.091928 0.092593
3 0.397422 0.270062 0.090807 0.083333
5 0.596413 0.084877 0.091928 0.087449
4 0.397422 0.084877 0.097534 0.087449
9 0.500561 0.180556 0.106502 0.095679
10 0.093610 0.733025 0.088565 0.087449
11 0.294283 0.919239 0.093049 0.083333
11 0.696188 0.916667 0.103139 0.084362
12 0.500561 0.828704 0.090807 0.087449
12 0.399664 0.919239 0.097534 0.085391
8 0.599776 0.733025 0.094170 0.087449
8 0.397982 0.734053 0.091928 0.083333
13 0.499439 0.919753 0.093049 0.084362
