14 0.496637 0.498457 0.834081 0.852881
7 0.296525 0.640947 0.095291 0.090535
7 0.494395 0.639918 0.091928 0.090535
7 0.699552 0.457305 0.094170 0.093621
6 0.097534 0.454733 0.105381 0.084362
6 0.294283 0.445988 0.115471 0.066872
6 0.501682 0.362140 0.099776 0.090535
6 0.898543 0.358025 0.093049 0.094650
0 0.397422 0.733025 0.097534 0.085391
1 0.089126 0.640947 0.099776 0.088477
2 0.491031 0.268519 0.103139 0.082305
2 0.700673 0.084877 0.098655 0.093621
3 0.391256 0.271091 0.091928 0.085391
5 0.489910 0.086420 0.103139 0.092593
4 0.397422 0.084877 0.097534 0.087449
9 0.596413 0.179527 0.091928 0.081276
10 0.090807 0.733025 0.098655 0.085391
11 0.295404 0.919239 0.090807 0.087449
11 0.704036 0.919239 0.087444 0.087449
12 0.398543 0.919239 0.088565 0.083333
12 0.600336 0.734053 0.086323 0.091564
8 0.500561 0.736626 0.097534 0.092593
13 0.501682 0.918724 0.097534 0.086420
