14 0.496637 0.498457 0.834081 0.852881
7 0.297646 0.642490 0.099776 0.093621
7 0.497758 0.639918 0.103139 0.086420
7 0.692265 0.363169 0.099776 0.088477
6 0.089126 0.456276 0.090807 0.085391
6 0.281390 0.451132 0.103139 0.087449
6 0.488789 0.364198 0.087444 0.092593
6 0.903027 0.361626 0.090807 0.095679
0 0.397422 0.544239 0.093049 0.086420
1 0.081278 0.639918 0.088565 0.082305
2 0.297646 0.084877 0.095291 0.093621
2 0.701794 0.084877 0.089686 0.087449
3 0.390135 0.268519 0.089686 0.084362
5 0.501682 0.084877 0.095291 0.087449
4 0.397422 0.084877 0.097534 0.093621
9 0.593049 0.177984 0.089686 0.088477
10 0.090807 0.733025 0.089686 0.085391
11 0.698430 0.919239 0.089686 0.091564
11 0.296525 0.919239 0.088565 0.083333
12 0.500561 0.826132 0.093049 0.088477
12 0.397422 0.916667 0.088565 0.086420
8 0.496637 0.730453 0.100897 0.082305
13 0.501121 0.914609 0.096413 0.080247
