14 0.496637 0.498457 0.834081 0.852881
7 0.295404 0.640947 0.099776 0.086420
7 0.494395 0.640947 0.098655 0.094650
7 0.701794 0.361626 0.100897 0.087449
6 0.097534 0.456276 0.096413 0.091564
6 0.296525 0.451132 0.090807 0.089506
6 0.500561 0.361626 0.099776 0.087449
6 0.904709 0.359568 0.103139 0.089506
0 0.393498 0.544239 0.094170 0.086420
1 0.083520 0.640947 0.088565 0.086420
2 0.298767 0.082305 0.093049 0.090535
2 0.699552 0.086420 0.091928 0.090535
3 0.399664 0.271091 0.095291 0.087449
5 0.501682 0.083848 0.090807 0.083333
4 0.397422 0.086420 0.093049 0.088477
9 0.595852 0.637346 0.104260 0.095679
10 0.088004 0.734568 0.088565 0.084362
11 0.699552 0.919239 0.094170 0.087449
11 0.295404 0.919239 0.090807 0.087449
12 0.397422 0.919239 0.086323 0.093621
12 0.500561 0.826132 0.093049 0.082305
8 0.503363 0.733025 0.096413 0.083333
13 0.499439 0.917695 0.090807 0.084362
