14 0.496637 0.498457 0.834081 0.852881
7 0.293722 0.640947 0.103139 0.086420
7 0.493274 0.637346 0.100897 0.089506
7 0.587444 0.364198 0.103139 0.094650
6 0.090247 0.454733 0.093049 0.084362
6 0.294283 0.448560 0.093049 0.090535
6 0.493274 0.364198 0.100897 0.090535
6 0.889013 0.364198 0.087444 0.084362
0 0.690583 0.544239 0.087444 0.088477
1 0.089126 0.640947 0.099776 0.086420
2 0.295404 0.082305 0.090807 0.086420
2 0.701794 0.082305 0.089686 0.086420
3 0.391256 0.268519 0.098655 0.088477
5 0.493274 0.082305 0.089686 0.084362
4 0.390135 0.086420 0.089686 0.090535
9 0.597534 0.637346 0.094170 0.087449
10 0.089126 0.736626 0.090807 0.084362
11 0.701794 0.919239 0.089686 0.087449
11 0.295404 0.916667 0.099776 0.082305
12 0.502803 0.824588 0.093049 0.085391
12 0.399664 0.916667 0.088565 0.078189
8 0.495516 0.731481 0.096413 0.086420
13 0.501682 0.922325 0.093049 0.089506
