14 0.496637 0.498457 0.834081 0.852881
7 0.295404 0.640947 0.090807 0.086420
7 0.494395 0.642490 0.098655 0.089506
7 0.597534 0.364198 0.094170 0.088477
6 0.096413 0.459877 0.091928 0.092593
6 0.294283 0.451132 0.097534 0.089506
6 0.500561 0.361626 0.095291 0.093621
6 0.898543 0.364198 0.099776 0.088477
0 0.700673 0.914095 0.107623 0.103909
1 0.089126 0.641461 0.099776 0.085391
2 0.294283 0.081276 0.093049 0.088477
2 0.691704 0.083848 0.089686 0.087449
3 0.397422 0.268519 0.099776 0.090535
5 0.500561 0.082305 0.090807 0.084362
4 0.397422 0.086420 0.093049 0.088477
9 0.597534 0.639918 0.100897 0.086420
10 0.096413 0.733025 0.096413 0.089506
11 0.294283 0.921811 0.093049 0.088477
12 0.395179 0.919239 0.086323 0.087449
12 0.500561 0.823560 0.090807 0.085391
8 0.496076 0.733025 0.093049 0.083333
13 0.499439 0.917695 0.095291 0.080247
