14 0.496637 0.498457 0.834081 0.852881
7 0.279148 0.640947 0.103139 0.094650
7 0.493274 0.642490 0.089686 0.087449
7 0.596413 0.363169 0.100897 0.088477
6 0.087444 0.454733 0.103139 0.086420
6 0.297646 0.454733 0.093049 0.082305
6 0.500561 0.363169 0.099776 0.088477
6 0.904709 0.361626 0.100897 0.089506
0 0.704036 0.453704 0.103139 0.090535
1 0.096413 0.645062 0.100897 0.094650
2 0.296525 0.087449 0.097534 0.086420
2 0.700673 0.082305 0.087444 0.088477
3 0.391256 0.268519 0.091928 0.086420
5 0.494395 0.084877 0.098655 0.087449
4 0.391816 0.087449 0.088565 0.086420
9 0.600897 0.639918 0.091928 0.086420
10 0.089686 0.733025 0.098655 0.083333
11 0.297646 0.919239 0.090807 0.087449
12 0.603700 0.915123 0.090807 0.085391
12 0.397422 0.914095 0.086323 0.083333
8 0.498318 0.730453 0.093049 0.084362
13 0.498318 0.918724 0.088565 0.082305
