14 0.496637 0.498457 0.834081 0.852881
7 0.295404 0.640947 0.099776 0.088477
7 0.089126 0.640947 0.090807 0.088477
7 0.699552 0.547840 0.100897 0.089506
7 0.495516 0.640947 0.094170 0.090535
7 0.899664 0.643519 0.097534 0.089506
6 0.096413 0.454733 0.112108 0.094650
6 0.298767 0.457305 0.102018 0.089506
6 0.495516 0.359568 0.094170 0.089506
6 0.701794 0.361626 0.098655 0.085391
6 0.898543 0.361626 0.099776 0.083333
0 0.080157 0.084877 0.088565 0.085391
0 0.898543 0.084877 0.093049 0.087449
1 0.296525 0.268519 0.093049 0.086420
1 0.701794 0.270062 0.094170 0.085391
2 0.296525 0.087449 0.093049 0.090535
2 0.704036 0.084877 0.091928 0.083333
3 0.397422 0.083848 0.102018 0.093621
3 0.597534 0.082305 0.094170 0.088477
5 0.192265 0.268519 0.090807 0.084362
5 0.803812 0.268519 0.094170 0.086420
4 0.500561 0.082305 0.099776 0.096708
9 0.897422 0.916667 0.090807 0.090535
9 0.090247 0.914095 0.093049 0.079218
10 0.093610 0.736626 0.088565 0.086420
10 0.701794 0.736626 0.094170 0.086420
11 0.294283 0.919239 0.086323 0.077160
11 0.700673 0.920782 0.094170 0.090535
12 0.400224 0.919239 0.103139 0.083333
12 0.598094 0.916667 0.097534 0.088477
8 0.498318 0.733025 0.093049 0.083333
13 0.502803 0.919239 0.090807 0.079218
8 0.196188 0.733539 0.091928 0.084362
