14 0.496637 0.498457 0.834081 0.852881
7 0.296525 0.639918 0.099776 0.092593
7 0.500561 0.547840 0.099776 0.089506
7 0.495516 0.364198 0.094170 0.088477
6 0.093610 0.457305 0.086323 0.085391
6 0.294283 0.451132 0.099776 0.085391
6 0.905830 0.366770 0.098655 0.093621
0 0.396861 0.452675 0.103139 0.094650
1 0.090247 0.640947 0.093049 0.084362
2 0.296525 0.084877 0.093049 0.091564
2 0.699552 0.084877 0.100897 0.083333
3 0.500561 0.175412 0.097534 0.089506
5 0.501682 0.083848 0.093049 0.085391
4 0.394619 0.082305 0.091928 0.086420
9 0.598655 0.640947 0.098655 0.092593
10 0.088565 0.735597 0.087444 0.088477
11 0.297646 0.919239 0.090807 0.087449
12 0.599215 0.919239 0.093049 0.087449
12 0.396861 0.916667 0.087444 0.076132
8 0.500561 0.734053 0.099776 0.079218
13 0.499439 0.919753 0.093049 0.088477
