14 0.496637 0.498457 0.834081 0.852881
7 0.295404 0.640947 0.097534 0.088477
7 0.495516 0.547840 0.094170 0.093621
7 0.497758 0.363169 0.098655 0.086420
6 0.087444 0.457305 0.103139 0.093621
6 0.295404 0.448560 0.097534 0.088477
6 0.898543 0.363169 0.099776 0.094650
0 0.398543 0.457305 0.097534 0.093621
1 0.090247 0.637346 0.093049 0.087449
2 0.295404 0.082305 0.090807 0.082305
2 0.700673 0.086420 0.094170 0.086420
3 0.497758 0.172840 0.091928 0.084362
5 0.590807 0.084877 0.089686 0.083333
4 0.397422 0.084877 0.099776 0.081276
9 0.597534 0.175412 0.098655 0.093621
10 0.091928 0.733025 0.091928 0.091564
11 0.297646 0.916667 0.090807 0.086420
12 0.396300 0.916667 0.088565 0.082305
12 0.498318 0.824588 0.093049 0.079218
8 0.499439 0.733025 0.097534 0.087449
13 0.500000 0.919753 0.098655 0.088477
