14 0.496637 0.498457 0.834081 0.852881
7 0.295404 0.642490 0.099776 0.091564
7 0.493274 0.547840 0.105381 0.089506
7 0.398543 0.361626 0.099776 0.089506
6 0.089126 0.456276 0.099776 0.089506
6 0.294283 0.456276 0.090807 0.091564
6 0.898543 0.364198 0.099776 0.090535
0 0.397422 0.454733 0.090807 0.076132
1 0.081278 0.643519 0.088565 0.093621
2 0.295404 0.086420 0.099776 0.088477
2 0.701794 0.084877 0.087444 0.083333
3 0.494395 0.175412 0.098655 0.089506
5 0.599776 0.084877 0.094170 0.087449
4 0.495516 0.082305 0.094170 0.088477
9 0.602018 0.174383 0.103139 0.083333
10 0.090807 0.733025 0.098655 0.085391
11 0.290919 0.916667 0.093049 0.082305
12 0.397422 0.914095 0.088565 0.077160
12 0.497197 0.826132 0.093049 0.082305
8 0.496076 0.731481 0.097534 0.088477
13 0.502803 0.918724 0.093049 0.082305
