14 0.496637 0.498457 0.834081 0.852881
7 0.295404 0.643519 0.099776 0.087449
7 0.497758 0.545782 0.103139 0.089506
7 0.399664 0.363169 0.097534 0.086420
6 0.083520 0.457305 0.102018 0.087449
6 0.293722 0.453704 0.103139 0.086420
6 0.898543 0.364198 0.104260 0.088477
0 0.399664 0.453704 0.095291 0.082305
1 0.089126 0.641461 0.090807 0.085391
2 0.500561 0.271091 0.095291 0.097737
2 0.702915 0.081276 0.091928 0.088477
3 0.495516 0.175412 0.094170 0.087449
5 0.594170 0.084877 0.089686 0.083333
4 0.494395 0.084877 0.098655 0.087449
9 0.605942 0.175412 0.099776 0.087449
10 0.089686 0.736626 0.091928 0.092593
11 0.289798 0.916667 0.093049 0.082305
12 0.494955 0.823560 0.090807 0.081276
12 0.398543 0.914095 0.084081 0.085391
8 0.501121 0.730453 0.103139 0.086420
13 0.501121 0.921811 0.094170 0.082305
