14 0.496637 0.498457 0.834081 0.852881
7 0.298767 0.643519 0.099776 0.091564
7 0.501682 0.550412 0.099776 0.092593
7 0.398543 0.361626 0.090807 0.091564
6 0.096413 0.456276 0.100897 0.095679
6 0.294283 0.455247 0.106502 0.089506
6 0.901906 0.361626 0.099776 0.097737
0 0.397422 0.452675 0.088565 0.080247
1 0.096413 0.642490 0.091928 0.087449
2 0.702915 0.086420 0.094170 0.084362
5 0.600897 0.082305 0.091928 0.084362
4 0.495516 0.084877 0.094170 0.087449
3 0.495516 0.176955 0.094170 0.086420
9 0.597534 0.177984 0.094170 0.088477
10 0.092489 0.730453 0.093049 0.084362
11 0.295404 0.916667 0.099776 0.086420
12 0.395179 0.914095 0.099776 0.083333
12 0.498318 0.826132 0.097534 0.086420
8 0.497197 0.270062 0.102018 0.091564
13 0.503363 0.921811 0.098655 0.094650
