14 0.496637 0.498457 0.834081 0.852881
7 0.494395 0.547840 0.091928 0.091564
7 0.297646 0.640947 0.102018 0.090535
7 0.392377 0.363169 0.094170 0.092593
6 0.093610 0.454733 0.102018 0.090535
6 0.297646 0.454733 0.097534 0.088477
6 0.897422 0.361626 0.102018 0.093621
0 0.399664 0.454733 0.086323 0.090535
1 0.083520 0.638889 0.104260 0.094650
2 0.692825 0.084877 0.089686 0.089506
3 0.488789 0.174383 0.087444 0.081276
5 0.597534 0.082305 0.094170 0.088477
4 0.396861 0.082305 0.103139 0.086420
9 0.600897 0.176955 0.091928 0.082305
10 0.089686 0.733025 0.091928 0.087449
11 0.296525 0.914095 0.090807 0.083333
12 0.500561 0.826132 0.097534 0.084362
12 0.395179 0.914095 0.088565 0.077160
8 0.494955 0.271091 0.097534 0.089506
13 0.501121 0.918724 0.091928 0.082305
