14 0.496637 0.498457 0.834081 0.852881
7 0.295404 0.637346 0.097534 0.085391
7 0.496637 0.545782 0.091928 0.089506
7 0.497758 0.363169 0.098655 0.088477
6 0.089126 0.454733 0.090807 0.090535
6 0.288117 0.454733 0.091928 0.090535
6 0.903027 0.364198 0.088565 0.086420
0 0.803812 0.547840 0.098655 0.087449
1 0.096413 0.642490 0.098655 0.093621
2 0.700673 0.084877 0.094170 0.089506
3 0.494395 0.174383 0.091928 0.087449
5 0.596413 0.084877 0.091928 0.085391
4 0.397422 0.176955 0.102018 0.094650
9 0.603700 0.175412 0.093049 0.085391
10 0.090807 0.735597 0.094170 0.082305
11 0.294283 0.919239 0.086323 0.087449
12 0.397982 0.916667 0.100897 0.082305
12 0.601457 0.919239 0.097534 0.087449
8 0.503924 0.271091 0.104260 0.089506
13 0.500000 0.917181 0.094170 0.081276
